NAME	hepatocyte	hepatic_stellate_sinusoid	kupffer	NK	plasmacytoid_dendritic_cell	b_cell	myeloid_leukocyte
A130010J15Rik	1	1	1	1	1	692.473308477705	1
A1bg	1181.25752684216	1	1	1	1	937.152551587077	1
A1cf	769.053314235845	1	1	1	1	1	1
A330009N23Rik	1	3017.31637599726	1	1	1	1	1
A430035B10Rik	1	1	1	1	2486.39167690036	1643.58277550018	1
A430088P11Rik	1	1	1	5502.76864721825	1	1	1
A430105I19Rik	1	1711.59180122024	1	1	1	1	1
A530032D15Rik	1	1	1	1	76.5456586419198	1736.50619217012	1
A530054K11Rik	1	1	1	1	270.660168968089	1	1
A530099J19Rik	1	1	1	1	1	1	13410.1827320821
A630001G21Rik	1	1	1	1	1	548.816887401962	1
A630072M18Rik	1	1	1	1	159.689589358583	1	1
A830082K12Rik	1	1774.26132650145	1	1	1	1	1
A930013F10Rik	1	1	1	1	126.091047607359	1	1
AA960436	1	1	1	1	1	1	152.985487100721
AF251705	1	1	662.84470533175	1	60.0000042826107	1	513.185001297226
AI182371	2830.73266075934	1	1	1	352.156902777292	1	1
AI504432	1	1	1	575.6995382552	1	1	1
AU021092	1	299.516044371888	1	1	1	1	1
Aak1	1	1	1	361.850587691066	1	1	1
Aard	1	1193.3238701715	1	1	1	1	1
Aatk	1	1	997.476970558682	1	1	1	1
Abca1	45.0976470755443	1	305.684457500848	1	1	1	1
Abca5	1	1	1	1	1110.41937208902	1	1
Abca9	1	1	542.104770449138	1	1	1	1
Abcb11	5731.72355924523	1	1	1	1	1	1
Abcb4	1623.29032495073	1	1	1	1	1	1
Abcb9	1	1	1	5650.44245530024	1	1	1
Abcc2	492.514053128828	1	1	1	1	1	1
Abcc3	199.767536625665	1	2537.85049340841	1	1	1	1
Abcc5	1	1	101.252519329048	1	1	1	1
Abcc6	2052.59160273084	1	1	1	1	1	1
Abcc9	1	2029.38934520075	1	1	1	1	1
Abcd1	1	1	1	1	498.757125280704	1	507.130923734853
Abcg3	1	1	3309.62216404804	1	1	1	2067.7704167882
Abcg5	2689.82707454903	1	1	1	1	1	1
Abcg8	3925.03341154928	1	1	1	1	1	1
Abhd12	1	1	211.508712730177	1	1	1	161.632922951722
Abhd15	138.038530825789	1	1	1	1315.46043743343	1	1168.98592178586
Abhd8	1	1	1	280.522641716945	1	1	1
Abi2	1	391.418955667739	1	1	1	1	1
Acaa1b	673.316425360282	1	1	1	1	1	1
Acaca	733.798400728459	1	1	1	1	1	1
Acat3	3009.53348802012	1	1	1	1	1	1
Acbd4	1	1	1	1	1	144.828108857653	1
Acer2	1	935.403676184242	1	1	1	1	1
Acnat1	994.432080043746	1	1	1	1	1	1
Acot12	941.08792875595	1	1	1	1	1	1
Acot3	938.629070993421	1	1	1	1	1	1
Acot7	1	1	1	393.834892575314	1	1	101.996467182682
Acox2	2002.95457158754	1	1	1	1	1	1
Acox3	1	1	1	1	1	1	151.785942588464
Acp2	1	159.119241237483	1468.43810639656	1	1	1	430.148830687129
Acsm1	1319.25045515869	1	1	1	1	1	1
Acsm5	1179.71282504822	1	1	1	1	1	1
Acss1	1	1	1	1	1	281.179815113282	1
Actn1	1	1	210.175972523198	1	1	1	54.7614257524906
Actn2	1	1	1	2229.19064734906	1	1	1
Adam11	1	1	1	1	15280.7172491987	1	1
Adam23	1	6234.94709434703	1	1	1	1	1
Adam8	1	1	1	1	1	1	201.184635912207
Adamdec1	1	1	7630.13140675436	1	1	1	1
Adap1	1	1	349.845181593973	1	1	1	526.908784457804
Adap2	1	1	1587.82522310925	1	1950.97545161713	1	469.377608644028
Adarb1	1	734.963972340452	1	1	1	1	1
Adcy4	1	183.591256327109	234.392364308297	1	1	1	1
Adh1	481.544498662995	1	1	1	1	1	1
Adh4	1506.27918142239	1	1	1	1	1	1
Adh6.ps1	793.876774345369	1	1	1	1	1	1
Ado	1	1	1	1	1	1	130.679276719573
Adora1	745.572342697156	1	1	1	1	1	1
Adora2a	1	421.256240892252	1	558.671640170342	1	1	1
Adra1b	958.868283150898	1	1	1	1	1	1
Adrb1	1	1	2902.67400183332	1	1	1	1
Adrbk2	1	1	87.319480984056	1	60.5857488654058	1	1154.73091714845
Adsl	1	1	1	1	65.2487730475037	264.165136999705	1
Aff3	1	1	1	1	56.5688456504282	711.758727806116	1
Afg3l2	17.577432015713	1	1	1	1	274.68947572599	1
Afm	1796.80529222786	1	1	1	1	1	1
Agfg2	1	353.864945484615	1	1	1	1	1
Agmat	2383.06298330748	1	1	1	1	1	1
Agt	3076.24711821111	1	255.3541611966	1	1	1	1
Agtr1a	92.265934370447	1020.98839052032	1	1	1	1	1
Agxt	1624.08365091851	1	1	1	1	1	1
Agxt2l1	3409.17337975588	1	1	1	1	1	1
Aif1	1	120.064041662768	1438.07828565	1	1	1	1058.58070434264
Aim1	1	1	1	283.976773038521	1	1	155.908865113665
Ak4	823.614190051629	1	1	1	1	1	1
Ak8	1	1	1	1	3079.91268651434	1	1
Akr1b10	1	1	419.477328674841	1	1	1	1
Akr1c12	553.732654770376	1	1	1	1	1	1
Akr1c14	1668.77269134296	1	1	1	1	1	1
Akr1c19	626.455973801479	1	1	1	1	1	1
Akr1c20	855.324457469927	1	1	1	1	1	1
Akr1c6	4188.89956357491	399.561814668567	1	1	1	1275.3844154973	1
Akr1d1	2538.03803403944	1	1	1	1	1	1
Akr1e1	1	1	115.761576254893	1	1	1	1
Akt3	1	1	1	1	262.303137381375	1	1
Alas2	1	1	1	1	1	1414.81825468062	1
Aldh1a7	1207.76960942546	1	1	1	1	1	1
Aldh1l1	735.427779169976	1	1	1	1	1	1
Alg2	1	1	1	1	116.446267229857	1	1
Alkbh2	1	1	1	1	209.86562971864	1	1
Alkbh4	1	1	1	443.801766079238	1	1	1
Alox12	1	2292.96023618408	1	1	1	1	1
Amdhd1	3702.72529670681	1	1	1	1	1	1
Amica1	1	1	1	350.918034488718	2419.37044391405	1	420.924312193155
Amigo2	1	740.675407904111	1	1	1	1	1
Amy1	1415.69472862223	1	1	1	1	1	1
Amz1	1	1	578.145126258417	1	1	1	1721.39193158841
Amz2	1	1	1	1	1	1	144.154322876947
Anapc2	1	1	1	1	1	158.99865554705	1
Angptl6	1	3027.57725845706	1	1	1	1	1
Angptl7	1	1	1	1	218.676617135312	1	1
Ankib1	1	1	1	1	135.646585869115	1	1
Ankrd27	1	1	1	1	207.291643093088	1	1
Ankrd37	1	1	1	1	1	391.453789538612	1
Anks4b	471.761256304097	1	1	1	1	1	1
Ano6	1	1	221.385866039463	1	1	1	1
Anpep	23.1444807654344	1	1	1	1	1	191.299994655035
Aoah	1	1	591.629207641765	1	1	1	1
Aox1	1930.10195624191	1	1	1	1	1	1
Ap1ar	1	1	1	1	103.677837531638	1	1
Ap1g2	1	1	1	345.499336453934	1	1	1
Apaf1	1	1	1	1	1	1	132.366430204521
Apcs	4386.34884539715	1	1929.15867877759	1	1	1	1
Apoa4	3502.61765215883	1	1	1	1	1	1
Apob	2348.28428715255	1	126.406713372748	1	1	1	1
Apobr	1	1	96.5961456276442	1	1	1	251.848142410485
Apol7a	1703.60797496452	1	1	1	1	1	1
Apol7e	1	1	1	4383.50444189441	1	1	1
Apol9a	668.952774770795	1	1	1	1	1	1
Apol9b	722.376654288361	1	1	1	1	1	1
Apom	865.828698808573	1	1	1	1	1	1
Apon	2248.17735737073	1	1	1	1	1	1
Appl1	1	1	1	107.083608494725	1	1	1
Aqp1	1	335.185152374229	1	1	1	1	1
Aqp9	1099.32455912044	1	1	1406.74692484614	1	1	1
Arap3	1	659.545803021281	1	1	1	1	1
Arg1	2771.27151850782	1	1	1	1	5214.16967297322	1
Arhgap12	1	1	213.791371640485	1	1	1	1
Arhgap18	1	1	1	1	1	1	125.688663504905
Arhgap19	1	1	1982.69863493821	1	1	1	1
Arhgap22	1	1	1	1	1	1	979.348027791301
Arhgap23	1	1476.2255713065	1	1	1	1	1
Arhgap27	1	1	1	1	346.549925159258	1	185.294808752175
Arhgef15	1	755.307360927985	1	1	1	1	1
Arhgef3	1	1	1	135.194866939272	1	1	1
Arid3a	1	1	1	1	185.045845847737	1	1
Arid3b	1	1	1	1	186.768389918778	1	1
Arl11	1	1	1	1	1	1	337.307835957005
Arl15	1	383.032624299484	1	1	1	1	1
Arl5c	1	1	1	1	93.702852325459	1	314.140562487128
Armc10	1	1	1	140.60489265684	1	1	1
Armc3	1	1	1	1	187.268353353	1	1
Armc7	1	1	1	588.89149311387	1	1	1
Armc8	1	1	163.984962806915	1	1	1	1
Armcx1	1	1511.20217202358	1	1	1	1	1
Armcx4	1	2860.0309398506	1	1	1	1	1
Armcx6	1	2088.92114565718	1	1	1101.1874186327	1	1
Arrdc3	1	1	92.1265003235056	1	1	1	1
Arrdc4	1	1	1	1	1	1	126.630972502482
Art2a.ps	1	1	1	8596.8724314093	1	1	1
Arvcf	1	1439.72937771533	1	1	1	1	1
Asah2	1	1356.89579666262	1	1	1	1	1
Asb2	1	1	470.403008197907	2864.94331062148	1	1	1047.00517753207
Ascc3	1	1	1	1	1	178.019509511333	1
Asgr1	6045.15270474429	1	240.445365241064	1	1	1	1
Asgr2	4644.23213848209	1	1	1	1	1	1
Aspdh	613.442235295905	1	1	1	1	1	1
Aspg	2634.37192611376	1	1	1	1	1	1
Asrgl1	1	1	1	1	1	221.319988066835	1
Athl1	1	300.190273948695	1	1	1	1	1
Atm	1	1	1	1	1	288.933165659309	1
Atmin	1	1	1	1	1	1	185.652294216246
Atp1a3	1	1	1	1	1	1	688.344621941888
Atp1b1	1	1	1	1	149.787766139642	1	1
Atp2a1	1	1	1	1	13125.9114672376	1	1
Atp5sl	1	1	1	1	78.1911093620529	306.769002009095	1
Atp8b4	1	1	1	584.836449364584	1	1	122.44286343319
Atxn1l	1	367.599065532639	1	1	1	1	1
Auh	1	1	1	1	1	145.489678790171	1
Axl	1	1	394.60243249265	1	1	1	168.955020035628
Azgp1	2798.15910954596	131.854756388364	153.065471337154	1	1	1	1
B230206F22Rik	1	1	1	1	774.055465583613	1	1
B230378P21Rik	1	1	3129.73068771414	1	1	1	1
B3galnt1	1	1	543.387074237632	1	1	1	1
B3galt1	521.841017275095	1	1	1	1	1	1
B3gnt3	1	1548.34060728611	1	1	1	1	1
B3gnt5	1	1	1	1	1	2157.08277757545	1
B3gnt8	1	1	1	1	171.921688063653	1	1
B430306N03Rik	1	1	837.169446799204	1	1	1	1
B4galt6	1	1	379.571767183071	1	1	1	1
B9d2	1	1	1	1	1	1	108.571785889217
BC006779	1	1	266.416630581565	1	1	1	1
BC016495	1	1	1	1	357.602288388336	1	1
BC017647	1	335.701663625871	1	1	1	1	1
BC020535	1	772.658367924003	1	1	1	1	1
BC021614	81.0110683936374	1	1	650.775410597551	1	1	1
BC023829	1	1	1	1	1635.50446567855	1	1
BC024386	1031.61317424438	1	1	1	1	1	1
BC024582	1	1	6649.59833529173	1	1	1	1
BC024659	31.6647753908815	1	183.919791982019	1	1	1	1
BC028528	1	1	1	1	1	1	321.857977949538
BC029214	1	1	1	120.406204148444	1	1	1
BC030307	1	1	1	1	5423.7193372795	1	1
BC031353	1	1	1	1	1	6162.1776425563	1
BC033916	1	1	2924.58148522755	1	847.088885331343	1	1
BC046331	1	1	1	1	399.969481773711	1	1
BC048546	1552.83992207384	1	1	1	1	1	1
BC049352	1	1	3276.58268936625	1	1	1	1
BC064078	1	1	1	1	1	174.609536993725	1
BC147527	1	1	1	731.316185775201	4468.27651399537	1	590.31467986127
Baat	4411.64809273488	1	1	1	1	1	1
Bace2	1	777.529549468591	1	1	1	1	1
Baiap3	1	1	1	3164.07796725063	1	1	1
Bank1	1	1	83.14732359787	1	1	454.163258618747	1
Banp	1	1	1	1	227.249908321301	1	1
Batf2	1	1	1	1	1	1	2121.61430806842
Batf3	1	1	2132.95364721903	1	1	1	3497.45006735856
Bbc3	1	1	1	1	1	1	163.436574098966
Bbox1	1464.62513038043	1	1	1	1	1	1
Bcar1	1	462.686047431543	1	1	1	1	1
Bcar3	1	1	1	1	1	202.340620250248	1
Bche	1267.80785035192	1	1	1	1	1	1
Bckdk	1	1	1	1	48.7802910000647	222.73788114075	1
Bcl11a	1	1	1	1	517.369639166666	124.775951790898	1
Bcl11b	1	1	1	380.947005633008	1	1	1
Bcl2	1	1	1	608.626402746592	1	181.342801169992	1
Bcl2a1a	1	1	357.447694354086	1	1	1	2349.60515946962
Bcl2a1c	1	1	1	1	1	1	4889.69871273787
Bcl2a1d	1	1	1	270.138275617548	1	1	803.776393301509
Bcl2l11	1	1	1	175.282048942771	1	1	1
Bcl2l14	1	1	1	1	1	1	3956.45536324122
Bcl6	1	1	1	1	1	1	201.789243678012
Bco2	1	1	2160.44405077237	1	1	1	1
Bend5	1	1	1	1	1	633.002288422618	1
Bet1l	1	1	1	1	1	163.849290197693	1
Beta.s	1	1	1	31.2739848170364	18.4007428654451	772.236224754728	83.0092014219933
Bhlha15	1	1	1	1	1	4379.07540067482	1
Bhlhe41	1	1	1	1	1	4577.08127778378	1
Bhmt	1376.20797082587	1	1	1	1	5436.31478007297	181.018613239228
Bhmt2	1248.62586871978	1	1	1	1	1	1
Bik	1	1917.15087136176	1	1	1	1	1
Blk	1	1	1	1	1	291.070555477439	1
Blnk	1	1	1	1	163.068064188301	384.583239433089	1
Bmi1	1	1	1	1	1	392.426216405854	1
Bmp2	1	4205.99956686924	1	1	1	1	1
Bmp2k	1	1	1	1	127.007140354064	1	1
Bpgm	1	1	1	1	1	2399.14164042946	1
Brcc3	1	1	1	1	1	152.526321786895	1
Bre	1	1	1	1	105.690104486429	1	1
Brms1l	1	1	1	1	225.776448683983	1	1
Btbd11	1	1	1471.8533874141	3349.41420893161	1	1	1
Btbd9	1	1	1	1	1	1	111.069624292038
Btla	1	1	1	1	1	755.949743555031	217.241842404639
Btnl9	1	2110.2394071386	1	1	1	1	1
Bzw2	1	1	1	183.87131996003	40.6133854764705	1	1
C030048B08Rik	1	1	1	1	137.174567401305	1	1
C130022K22Rik	1	1	1	1	1	122.45261241971	1
C130026I21Rik	1	1	1	1	1	1288.87917391464	1
C130050O18Rik	1	1	898.066952657796	1	1	1	1716.28100836874
C1qtnf1	1	2570.78541776242	1	1	1	1	1
C1qtnf6	1	718.055492182538	1	1	1	1	1
C2	50.3896297889419	1	303.928465658815	1	1	1	1
C230081A13Rik	1	825.270377433131	1	209.207088860879	1	1	1
C2cd3	1	1	1	1	1	1	250.87974368026
C3ar1	1	1	672.389839596994	1	1	1	310.691888607397
C4bp	5240.14849860299	1	1	1	1	1	1
C530028O21Rik	1	1	1	1	1	1	4160.98919531747
C5ar1	1	1	103.069676233228	1	1	1	1
C6	1	1967.83714479336	20411.0176772779	1	1	1	1
C730027H18Rik	1325.17923947026	1	1	1	1	1	1
C8a	1997.53735850353	1	1	1	1	1	1
C8b	2001.36024020506	1	1	1	1	1	1
C9	1359.35483615506	1	1	1	1	1	1
Cab39l	1	1	1	1	1	179.791191109272	1
Cacna1e	1	1	1	1	3040.18806571776	1	1
Cacna1f	1	1	3975.48851944296	1	1	1	1
Cacna1h	1	1	1	1	1	6727.61653963167	1
Cacna1s	1	1	1	1	1	2916.30528655503	1553.55446825957
Cadm1	1	1	561.94587082852	1	1	1	521.984913645112
Calcoco1	1	1	1	1	144.625863252635	1	1
Calcrl	1	292.022190938718	1	1	1	1	1
Camk1d	1	1	222.914621655655	1	1	1	482.642259149056
Camk2g	1	1	1	207.479099438272	1	1	1
Camk4	1	1	1	844.330082467129	1	1	1
Camkk2	1	1	1	1	1	1	201.973004083696
Car5a	1200.94386473462	1	1	1	1	1	1
Car8	33.4856773553893	770.618460673696	1	1	1	1	1
Card11	1	1	1	360.143716855999	813.493860769284	1	1
Cars	41.3527400025768	1	1	1	1	624.623442436098	1
Caskin2	1	515.14023604589	1	1	1	1	1
Cbs	984.719353610164	1	1	1	1	1	1
Cbx5	1	1	1	1	1	155.472660471859	1
Cbx7	1	1	1	1	1	383.623722517716	1
Ccbl2	1329.10997615161	1	1	1	1	1	1
Ccbp2	1	1734.38888238775	1	1	1	1	1
Ccdc101	1	1	1	129.802224912894	1	1	1
Ccdc106	1	1	5254.63734660664	1	1	1	1
Ccdc109b	1	1	1	1	1	1	233.367433585919
Ccdc117	1	1	1	1	1	224.595620176917	1
Ccdc136	1	1	1	4628.99891830985	1	1	1
Ccdc148	1	1	7216.07262257854	1	1	1	1
Ccdc162	1	1	1	1	10895.9108724544	1	1
Ccdc22	1	1	100.682844704477	1	1	1	1
Ccdc25	1	1	1	107.360704465819	1	1	1
Ccdc6	1	1	1	1	1	240.676243453388	1
Ccdc82	1	1	1	1	1	221.54577850041	1
Ccdc88c	1	1	1	1	1	2650.40324833271	1
Ccdc94	1	1	1	1	139.089897059047	1	1
Ccl24	1	547.619148388998	11976.6661417561	1	1	1	350.764172893607
Ccl3	1	1	1	1	1	1	230.585882193301
Ccl5	1	1	1	1008.56712018463	1	57.1548679380288	110.161741179914
Ccl6	1	1	252.079203478536	1	1	1	219.830763295479
Ccl9	1	1	1	1	1	1	251.849210369841
Ccnk	1	1	1	1	1	117.742451901445	1
Ccpg1	1	1	1	1	50.9513130028778	163.880601229075	1
Ccr2	1	1	1	131.214620255535	50.822591916006	1	512.130376584065
Ccr7	1	1	1	1	1	530.132847379768	1
Ccr9	1	1	1	1	11123.9322721367	1	1
Ccrl1	1	1168.34904032676	1	1	1	1	1
Ccrl2	1	1	1	1	1	1	1164.65282559103
Cd160	1	1	1	20954.7847255656	1	1	1
Cd163	1	1	9701.79657664534	1	1	1	1
Cd180	1	1	1	1	1570.69513500945	1	1
Cd19	1	1	1	1	1	572.379641240327	1
Cd2	1	1	1	284.895437165421	1	332.035076814257	1
Cd200r1	1	1	1	1	795.1486021609	1	1
Cd200r4	1	1	1	4398.38618445125	1	1	1
Cd207	1	1	5803.13866369537	1	1	1	1189.70328180072
Cd209a	1	1	1	1	633.339602393765	1	4308.27938693075
Cd209d	1	1	1	1	9040.10873823946	1	1
Cd209f	1	1	3375.64113314285	1	1	1	1
Cd209g	1	1	1793.81113518992	1	1	1	1
Cd22	1	1	1	1	1	440.769753624579	1
Cd226	1	1	1	11524.6460841527	1	1	1
Cd244	1	1	1	2236.59153324647	1	1	920.338679051475
Cd247	1	1	1	484.994683906502	1	1	1
Cd24a	1	1	1	1	1	245.516884763708	40.5248035812778
Cd27	1	1	1	418.51016047289	1	1	1
Cd28	1	1	1	474.346786720371	1	1	1
Cd300a	1	1	363.932005069363	1	34.8432807588591	1	687.102289944817
Cd300c	1	1	1	1	27993.3525323436	1	1
Cd300e	1	1	3459.26709939392	1	1	1	1501.59106827708
Cd300lb	1	1	203.452812379936	1	1	1	264.02319141388
Cd300ld	1	1	2227.36389063767	1	1	1	909.385827617185
Cd300lg	1	487.200434862185	1	1	1	1	1
Cd33	1	1	1	1	615.264237994133	1	1
Cd3d	1	1	1	596.063629202608	1	1	1
Cd3e	1	1	1	822.975391765778	1	1	1
Cd3g	1	1	1	864.069066259291	1	1	1
Cd4	1	1	1	507.525633273294	2836.81367777334	1	1
Cd40	1	1	1	1	1	1	375.920353206448
Cd40lg	1	1	1	7045.57387332645	1	1	1
Cd5	1	1	1	555.038412096362	1	1	1
Cd55	1	430.839247423262	1	1	1	296.132158989069	1
Cd59a	1	1198.91374305309	1	1	1	1	1
Cd5l	1	2958.16913052556	36318.4041207714	325.360207589707	122.988715842738	450.406835645997	2311.812050256
Cd6	1	1	1	1068.09632967985	1	1	1
Cd69	1	1	1	1173.48629127994	122.604973904678	1789.02092094063	1
Cd7	1	1	1	5678.24829473323	1259.03748823639	1	327.38522614698
Cd79a	1	1	1	1	1	431.942622867353	1
Cd79b	1	1	1	1	1	451.079626428792	1
Cd83	1	1	1	1	1	240.697357894235	229.394218134033
Cd8a	1	1	1	689.435044804924	132.668706280051	1	1
Cd8b1	1	1	1	436.429945576056	284.424461436683	1	1
Cd96	1	1	1	2170.84657662138	1	1	1
Cdc14a	1	1	1	1	1	1	141.346051414816
Cdc14b	75.9100463807564	1	1	1	189.020916884938	1	1
Cdc25b	1	1	1	1	1	234.318069167822	1
Cdc42ep1	1	323.664045921762	1	1	1	1	1
Cdc42ep2	1	684.087103939167	1	1	1	1	1
Cdca4	1	1	1	162.098263220533	1	1	1
Cdca7l	1	1	1	337.320612007419	1	1	1
Cdk14	1	1	1	1	1	1	297.473417973228
Cdkn2aipnl	1	1	1	110.417709781824	1	1	1
Cdo1	802.2195332731	1	1	1	1	1	1
Cdr2l	1	755.516150481828	1	1	1	1	1
Cdyl2	1	1	1	567.712636983538	108.172152546107	1	1
Cecr5	1	1	1	1796.70610866686	1	1	1
Cela1	1	1	211.554881463938	1	1	1	1
Cenpv	36.9759446830839	1	227.542347959136	1	1	1	1
Cep170	1	1	1	1	1	1	124.617725206727
Cep290	1	1	1	1	98.9795040118317	1	1
Cep350	1	1	1	1	1	237.200472338653	230.883736851925
Cep70	1	1	1	1	213.044754465905	1	1
Cerk	1	1	85.4539962485032	1	1	256.633947275531	1
Ces1b	615.751551944557	1	1	1	1	1	1
Ces1e	1348.04725998603	1	1	1	1	1	1
Ces1g	2786.48220441846	1	1	1	1	1	1
Ces2a	1129.09293674388	1	1	1	1	1	1
Ces3a	3917.22095704684	1	686.428954685153	1	207.927735016105	1	1
Ces3b	1756.81218695606	1	1	1	1	1	1
Cfhr1	2962.7900806393	1	1	1	1	1	1
Cfhr2	4683.24343856467	1	296.922383960964	1	1	1	1
Cfi	4313.62194016498	1	410.477990735886	1	1	1	1
Cfp	1	80.0643797077626	1109.97119747504	1	52.8135448394524	1	315.282793167597
Chchd8	1	1	1	1	1	1	276.40327974942
Chd6	1	1	1	1	1	184.170875130078	1
Chd7	1	1	1	109.333510838063	1	1	1
Chdh	200.505834145898	1	1	1	531.008028614861	1	1
Chid1	1	1	1	1	1	315.906734080995	1
Chn2	36.7665290666347	1	1	929.789755844858	1	1	1
Chpf2	1	1	1	1	1	414.192561681392	115.008287786753
Chst1	1	1	1	1	1	5501.34153410401	1
Chst14	1	1472.23457924704	1	1	1	1	1
Chst15	1	2827.02564251546	1	1	1	1	1
Chst2	1	2535.50932640558	1	1453.96755182459	1	1	1
Chst7	1	2052.31758739983	1	1	1	1	1
Chsy1	1	1	1	497.357057932435	1	1	1
Ciapin1	1	1	1	118.306468289656	1	1	1
Cish	1	1	1	224.731808653261	1	1	1
Cited4	1	1	1	1114.00995199672	1	1	1
Ckap4	1	60.6628283258347	1	1	1	204.693226766698	1
Clasp2	1	1	265.661275527294	1	1	1	1
Clca1	1	3381.14891778743	1	1	1	1	1
Clcn7	1	1	331.831481154178	1	1	1	1
Cldn14	1320.99078580424	1	1	1	1	1	1
Clec10a	1	1	1	1	1575.72520620485	1	154.945815812546
Clec14a	1	766.44974415129	1	1	1	1	1
Clec1b	1	3043.97736500768	14430.1826381822	1	1	1	378.832064029898
Clec2g	1	1	1	1	1	7360.57991602502	1
Clec2i	1	1	1	340.820762072904	1	399.931028623511	1
Clec4a1	1	1	221.347775223419	1	1	1	530.867695245657
Clec4a3	1	1	195.959978736646	1	1	1	514.079926891808
Clec4b1	1	1	1	1	1	1	1318.64706637926
Clec4e	1	1	1	1	1	1	361.840139928363
Clec4f	1	2466.79794289325	36558.0029342257	501.305183303407	216.460925536053	530.299339082093	2332.30947773647
Clec4n	1	1	1020.42790214077	1	1	1	524.207858438621
Clec7a	1	1	319.448385803347	1	1	1	937.804369606185
Clec9a	1	1	1	1	8948.79056974989	1	16917.9593556507
Cmah	17.8929832166892	1	1	1	171.277084380014	600.342179831787	1
Cmklr1	1	1	489.167061384425	1	1	1	1
Cml2	2708.07024837002	1	1	1	1	1	1
Cmtm8	74.9203813472046	1835.58747974633	1	1	1	1	1
Cnksr3	1	1338.92646449619	1	1	1	1	1
Cnnm4	1	1	1	1	157.302987427493	1	1
Cnr2	1	645.115313086471	1	1	1	1	1
Cnrip1	1	650.034990336862	1	1	1	1	1
Cntfr	1	424.424606064571	1	1	1	1	1
Col13a1	1	5714.32045651082	1	1	1	1	1
Colec10	1	3329.10316583148	1	1	1	1	1
Colec11	1	4013.37906034806	1	1	1	1	1
Commd10	1	1	1	1	1	1	116.119462055759
Coro2b	1	519.56984073084	1	1	1	1	1
Cox6a2	1	1	1	1	11906.98721936	1	1
Cpb2	3599.81455801867	1	1	1	1	1	1
Cpn2	3469.90486812996	1	1	1	1	1	1
Cps1	1321.93278868871	1	1	1	1	1	1
Cpsf1	1	1	1	1	1	390.683259756998	1
Cpsf3l	1	1	1	148.817558697565	1	1	1
Cpsf7	1	1	1	1	1	171.084101155655	1
Crcp	1	1	1	1	1	1	147.074535208995
Creb3l2	1	1	1	1	1	624.08692849479	1
Creb3l3	3005.90529308888	1	1	1	1	1	1
Crebzf	1	1	1	1	238.467802503958	1	1
Crp	3405.52461865969	1	1	1	1	1	1
Crtam	1	1	1	3228.57300012151	1	1	1
Crygn	1	2273.04242586954	1	1	1	1	1
Csad	1133.50739668911	1	1	1	1	1	1
Csf1r	1	1	900.104058681103	1	1	1	343.650835085643
Csf2rb2	1	1	219.552029205369	1	1189.84106681501	1	341.977147144833
Csgalnact2	1	1	1	1	1	1	129.970381995194
Csnk1g3	1	1	1	1	1	322.26418461832	1
Cspp1	1	1	1	1	1	490.134315565904	1
Csprs	1	877.014719792257	1	1	139.942781557492	739.042441192605	1
Csrp2bp	1	1	1	1	1	1	158.219421479251
Cst7	1	1	1	505.290110455651	1	1	1
Cth	1103.16583720168	1	1	1	1	1	1
Ctla2b	1	206.405003314548	1412.41156063502	193.160904992274	1	1	250.056764912478
Ctla4	1	1	1	1	1	2641.0299875323	1
Ctnnd2	1	1	1	1	2058.3870559001	1	1
Ctsf	1	1	115.069355927592	1	1	1	1
Ctsw	1	1	1	2119.12568389088	1	1	1
Cutc	1	1	1	1	1	1	134.516553086298
Cwf19l2	1	1	1	1	87.7742330271388	274.730352427525	1
Cx3cr1	1	1	1	1	1	1	471.233368526359
Cxcl13	1	1	442.870304072314	1	1	1	1
Cxcl9	1	602.59478063322	1	1	1	1	3033.39690250962
Cxcr3	1	1	1	5187.74507127779	403.800907992477	1	217.481157508733
Cxcr5	1	1	1	1	1	240.012874380159	1
Cxcr6	1	1	1	15182.7508464726	1	1	1
Cxx1c	1	158.965571285737	1	1	1	1	796.000338178818
Cxxc5	1	1	1	1	185.524957090375	1	1
Cybasc3	1	1	1	1	2050.52334632898	365.326408905466	103.555823106781
Cyp1a2	3291.65747255839	1	1	1	1	1	1
Cyp26a1	1297.43125936003	1	1	1	1	1	1
Cyp26b1	1	5424.45377093654	1	1	1	1	1
Cyp2a12	3944.39148209193	1	1	1	1	1	1
Cyp2a22	3251.99127543386	1	1	1	1	1	1
Cyp2a4	2084.64298747363	1	1	1	1	1	1
Cyp2a5	3127.216455618	1	1	1	1	1	1
Cyp2b13	1553.3092633815	1	1	1	1	1	1
Cyp2b9	4322.62425298462	1	1	1	1	1	1
Cyp2c29	5595.87938947195	1	1	1	1	1	1
Cyp2c37	4170.84034501997	1	1	1	1	1	1
Cyp2c38	1908.06439162689	1	1	1	1	1	1
Cyp2c40	4245.81424445959	1	1	1	1	1	1
Cyp2c44	774.873540697579	1	1	1	1	1	1
Cyp2c50	4391.12377012542	1	1	1	1	1	1
Cyp2c54	3404.47739799488	1	1	1	1	1	1
Cyp2c67	2796.83760108825	1	1	1	1	1	1
Cyp2c68	4566.70804284303	1	1	1	1	1	1
Cyp2c69	3369.81523203949	1	1	1	1	1	1
Cyp2c70	3193.11747759394	1	1	1	209.186010463238	1	1
Cyp2d10	5096.32793054717	1	326.521732514761	1	204.771658003649	1	1
Cyp2d13	1193.88377124877	1	1	1	1	1	1
Cyp2d26	945.469330396677	1	1	1	1	1	1
Cyp2d37.ps	1687.81590861685	1	1	1	1	1	1
Cyp2d40	2746.98739436966	1	1	1	1	1	1
Cyp2d9	1334.62742070465	1	1	1	1	1	1
Cyp2e1	1046.25334828105	1	1	1	1	1	1
Cyp39a1	651.516926450326	1	1	1	1	1	1
Cyp3a13	1144.23628783087	1	1	1	1	1	1
Cyp3a25	6249.82397914066	1	1	1	1	1	1
Cyp3a44	926.203110367172	1	1	1	1	1	1
Cyp3a59	2866.86709687341	1	1	1	1	1	1
Cyp4a10	755.337110298175	1	1	1	1	1	1
Cyp4a14	1880.06849449801	1	1	1	1	1	1
Cyp4a32	821.726960129599	1	1	1	1	1	1
Cyp4f14	1483.42831510555	1	1	1	1	1	1
Cyp4f15	1200.09431558342	1	1	1	1	1	1
Cyp4f16	1	1	1	1	1	1	299.224636280843
Cyp7a1	1114.16534769456	1	1	1	1	1	1
Cyp8b1	1969.45425479769	1	1	1	1	1	1875.51394326542
Cysltr1	1	1	1	1	1	1	476.087242687658
Cysltr2	1	1	1	4776.76260927419	1	1	1
Cyyr1	1	416.482420560241	1	1	1	1	1
D14Ertd668e	1	1	118.242358013876	1	1	1	344.65419966643
D16Ertd472e	1	1	1	268.115196787572	1	1	1
D17H6S53E	1	427.232716888998	1	1	1	1	1
D18Ertd653e	1	1	1	1	1766.3146582779	1	1
D1Bwg0212e	1	1	1	164.669462442362	1	1	1
D6Wsu163e	1	1	360.164240384607	1	1604.96487797813	1	1
D730039F16Rik	576.710517951088	1	1	1	1	1	1
Dak	1061.56132349014	1	1	1	1	1	1
Dapk2	1	334.684167491352	1	1	1	1	1
Dcaf15	1	1	1	451.670697006235	101.476071048076	1	1
Dcaf5	1	1	1	263.400941308287	1	1	1
Dcbld1	1	3046.83879110793	1	1	1	1	1
Dchs1	1	2342.48038608676	1	1	1	1	1
Dclre1b	1	1	1	1	1	1	436.008113059788
Dclre1c	1	1	1	1	500.357329390475	1	1
Dcp1a	1	1	1	1	385.096782846822	1	1
Ddhd1	1	1	369.85223822604	1	1	1	192.852653388316
Ddr1	1	1	1	1	141.042859013677	1	1
Ddx19b	1	1	1	1	383.926132808779	1	1
Ddx49	1	1	1	1	1	1	121.024403514445
Ddx51	1	1	1	1	461.486599096813	1	1
Ddx60	1	1	939.233875370795	1	1	1	1
Dedd	1	1	1	1	1	315.466184384862	1
Def6	1	1	1	217.010964555956	1	1	1
Dennd1a	1	1	181.602178553202	1	1	1	1
Dennd1c	1	1	1	423.884558967144	1	1	185.557210937435
Dennd2a	1	924.432165570123	1	1	1	1	1
Dennd2d	1	1	1	1424.91860793809	1	1	1
Dennd5b	27.592419434508	1	1	1	1	634.583916823584	1
Derl3	1	1	1	1	1	11712.6238554559	1
Dexi	1	1	1	144.457514489028	1	1	1
Dgkd	1	1	1	132.885282379076	1	411.367516896703	1
Dhcr7	1	1	1	1	194.143722325187	1	1
Dhdds	1	1	1	1	152.390646407347	1	1
Dhx57	1	1	1	1	425.4816627911	1	1
Dhx58	1	1	277.948335035908	1	1	1	255.887431907029
Dio1	737.571449019897	1	1	1	1	1	1
Dirc2	1	1	1	1	524.359814759941	1	1
Dis3l	1	1	1	1	1	874.632816325236	1
Dlc1	1	471.939212443874	1	1	1	1	1
Dmd	1	773.405986612213	1	1	1	1	1
Dmgdh	1388.40959690202	1	1	1	1	1	1
Dmpk	1	578.847578249064	5951.40216152304	1	1	1	254.196433656171
Dmwd	1	902.018644324187	296.981119902638	1	1	1	1
Dna2	1	1	1	1	1	1	1974.1047624514
Dnajb13	1	1	1908.14320821753	1	1	1	1
Dnajb9	1	1	1	1	1	196.260351333153	1
Dnajc24	1	91.621998087944	1	1	1	246.775346619499	1
Dnase1l1	1	1	1	1	1	1	205.170735001572
Dnase2a	1	1	211.793383271524	1	1	1	144.027993388927
Dnase2b	1752.94910224839	1	1	1	1	1	1
Dnm3	1	1	1	1	1	495.685629537016	1
Dnmt1	1	1	1	159.65461756901	1	1	1
Dnpep	1	1	1	1	1	157.123097820312	1
Dntt	1	1	1	1	223.31504273701	1	1
Dock1	1	311.118039621752	1	1	1	1	1
Dock6	1	460.264407103147	1	1	1	1	1
Dock7	1	1	154.945481300101	1	1	1	1
Dok2	1	1	465.190746357974	1046.2616846735	1	1	162.377134913293
Dopey1	1	1	1	1	271.978988846208	1	1
Dopey2	1	1	1	455.726545191108	1	1	1
Dpep2	1	1	1	1	1	1	804.207709078009
Dph2	1	1	1	1	240.292970193142	1	1
Dpy19l1	1	1	165.09871636754	1	794.691911378515	1	321.68007181893
Dpyd	1251.5626861084	1	1	1	1	1	1
Dpys	4232.36685176956	1	1	1	1	1	1
Dse	1	589.589336104772	623.389305723857	1	1	1	234.577061900841
Dtx1	1	1	1	675.980633121066	1	244.113881877806	1
Dus1l	46.7863419580606	1	1	1	1	192.889984029388	1
Dusp2	1	1	1	844.422451683933	1	177.06714721267	92.2575309091876
Dusp28	1	1	1	1	450.400653664839	1	1
Dusp9	1	1	1	1	8627.55873862461	1	1
Dynlt1a	1	1	239.992107965007	1	1	1	232.337529831611
Dynlt1f	1	1	1	1	321.387507642068	1	1
Dysf	1	1672.73288839295	668.043915946606	1	1	1	1
Dzip3	1	1	1	1	286.949830066393	1	1
E130203B14Rik	1	1633.60151439778	1	1	1	1	1
E230029C05Rik	1	1	1590.63372805276	1	1	1	703.926737931993
E2f1	1	1	1	1	1	1	133.927090819852
E330020D12Rik	1	1	1	1	1	2854.42446123494	1
E4f1	1	1	1	1	1	315.975147294579	1
Eaf2	1	1	1	1	1	6506.09631363156	1
Ear1	1	1	253.324079431591	1	1	1	1
Ear2	1	1	385.861690604925	1	1	1	355.682877348478
Ebi3	1	1	237.469079240179	1	1	1	224.7873310754
Ecd	1	1	1	1	1	199.735942988295	1
Ece2	1	1	253.334991425967	1	1	1	288.948725794419
Echdc3	575.053423031132	1	1	1	1	1	1
Ednrb	1	871.431358982994	1	1	1	1	1
Eepd1	31.5409670376903	1	1	1	282.277461522901	1	1
Egfl7	1	362.648704516388	1	1	1	1	1
Ehd3	1	20790.9849282393	190.601996215442	280.698360782689	1	1	1
Ehhadh	544.815241852694	1	1	1	1	1	1
Eif2ak3	1	1	1	1	1	455.370923873432	1
Eif2b4	20.5288093161255	1	1	1	1	335.678152837144	1
Eif2c3	1	832.548839093885	1	1	1	1	1
Eif2c4	1	1	1	1	1931.97454152685	1	342.232614723193
Ell2	16.9402759874541	1	1	1	1	653.594842968967	1
Elmo2	1	1	84.4826250824715	1	1	1	245.297716720491
Elovl2	2011.73505770045	1	1	1	1	1	1
Eltd1	1	305.635523708131	1	1	1	1	1
Emilin1	1	656.714021947006	1	1	1	1	1
Eml3	1	1	1	1	1	1	94.8671941811889
Emr1	1	1	1579.94714392954	1	1	1	457.730319278793
Emr4	1	1	1936.77453161728	1	1	1	1162.41654020305
Eng	1	442.578445733091	1	1	1	1	1
Engase	1	1	1949.77614167206	1	1	1	1
Eno3	1	1	1	1	1	1	1410.2829617857
Enoph1	1	1	1	1	1	1	275.17617520023
Enox2	1	469.435110949905	1	1	1	1	1
Enpp1	1	1	455.123495838789	1	1	1	1
Entpd1	1	1	301.970340376346	1	1	1	317.323833730337
Entpd8	1389.28816276595	1	1	1	1	1	1
Eomes	1	1	1	2282.84085400366	1	1	1
Epb4.1l3	1	1	1039.10275925005	1	1	1	1
Epha2	1	1	1	1	165.913234021713	1	1
Ephb2	1	1	1	1	3951.59970838541	1	1
Ephb4	1	1055.35326132217	1	1	1	1	1
Eri1	1	1	1	115.096515398323	1	1	1
Esyt2	1	1	1	110.833587526271	1	1	1
Etnk2	1505.95400617172	1	1	1	1	1	1
Etv3	1	1	1	1	1	163.625321730367	1173.05571552709
Etv5	1	1	374.882804497978	1	1	1	1
Etv6	1	1	1	1	1	1	284.079649784925
Exoc3l	1	5383.00860196349	1	1	1	1	1
Exosc1	1	1	1	1	1	1	131.951086286113
Exosc2	1	1	1	799.918505892493	1	1	100.278794816703
Expi	1	1	100.438435124154	1	1	1	1
Extl1	559.180246620523	1	1	1	1	1	1
F11	915.981174492156	1	1	1	1	1	1
F12	4718.34559784116	1	1	1	1	1	1
F13a1	1	1	1	1	1	1	186.040376429048
F13b	888.196319963961	1	1	1	1	1	1
F2rl2	1	1	1	5282.20221116138	1	1	1
F5	728.871563491693	1	1	1	1	1	1
F630111L10Rik	1	1	1	1	14786.0088772079	1	7597.11614652983
F7	2153.19896893975	1	1	1	1	1	1
F8	1	15854.0189104442	1	1	1	1	1
F9	3891.56665674448	1	1	1	1	1	1
Faah	208.488220199774	1	1	400.983069272999	1	1	1
Fabp7	1	1188.86383675217	20218.6650134185	1	1	1	1805.28400817371
Fads2	553.299845633543	1	1	1	3212.03094808381	1	1
Fads3	1	1	1	1	516.110471673492	1	1
Faim3	1	1	1	1	1	424.624588440537	1
Fam102a	1	1	1	425.498127854034	1	1	1
Fam108b	1	1	1	1	104.54860974595	238.059481312039	1
Fam110a	1	1	1	1	151.798747190598	1	1
Fam113b	1	1	1	492.014639771815	1	422.694320614235	1
Fam124a	1	4503.94529868948	1	1	1	1	1
Fam129c	1	1	1	1	479.216399717043	1	1
Fam149b	1	1	1	1	155.032184972793	1	1
Fam167a	1	1	1180.49229747474	1	1	1	1
Fam167b	1	19521.5733217565	1	1	1	1	1
Fam169b	1	1	1	1	154.124219531512	1	1
Fam171a1	1	1218.01806648421	1	1	1	1	1
Fam171a2	1	2410.31774688805	1	1	1	1	1
Fam173b	1	1	1	1	279.206067335551	1	1
Fam174b	1	829.505241696009	1	1	1	1	1
Fam175b	1	1	1	1	1	1	113.516247191852
Fam188b	1	1314.54998245542	1	1	1	1	1
Fam189a2	1	598.395486985199	1	1	1	1	1
Fam189b	1	1	1	852.246032594704	1	1	1
Fam203a	1	1	1	1	373.261367682785	1	1
Fam20a	67.7816112508356	906.735166652735	1	1	1	1	1
Fam26f	1	236.132540991932	513.420245672826	1	1	1	1845.64486092459
Fam46a	1	1	236.259040088488	1	1	1	208.563058738175
Fam46c	1	1	1	1	1	2057.60449585936	1
Fam47e	761.936302275696	1	1	1	1	1	1
Fam49a	1	1	193.4530232698	1	1	1	579.535333216413
Fam55c	1	1	1	369.270538153756	1	258.351469314448	1
Fam55d	1	1	1	1	1	1	228.58808967468
Fam58b	1	1	1	197.061969536632	55.2638504452385	1	1
Fam60a	1	1	1	1	1	1	150.231624906819
Fam65b	1	1	1	131.764574447096	73.2092494717548	573.634125947313	1
Fam76b	1	1	1	1	1	133.119466800191	1
Fam78a	1	1	1	401.342526821984	1	1	1
Fam82a1	573.680472685879	1	1	1	2114.57385213248	1	1
Far1	1	1	1	1	1	91.0487251424627	1
Fasl	1	1	1	13623.1145665936	1	1	1
Fasn	654.63985596634	1	1	1	1	1	1
Fastk	1	1	1	1	1	121.349274048725	1
Fat4	1	2312.17806123479	1	1	1	1	1
Fblim1	1	1	181.590676517075	1	1	1	1
Fbxl13	1	1	1	1	4021.13474769161	1	1
Fbxl14	1	1	1	150.384437673697	1	1	1
Fbxl7	1	1690.23828984905	1	1	1	1	1
Fbxo4	1	1	1	1	1	1	106.357560747653
Fbxw17	1	488.165508351394	421.865112296579	1	1	1	1
Fbxw7	1	1	1	1	1	202.523330650943	1
Fcer2a	1	1	1	1	1	304.473240394928	1
Fcgr1	1	1	1168.08801193413	1	1	1	1030.56205375992
Fcgr3	1	1	254.134851937879	1	1	1	237.963665017123
Fcgr4	1	1	867.658731857133	1	1	1	613.023703604233
Fchsd2	1	116.436575926773	1	1	1	636.933978591853	1
Fcna	1	2328.19518827043	27638.9283561813	1	1	1	865.441626041905
Fcrl1	1	1	1	1	1	283.701933737863	1
Fcrla	1	1	1	1	135.873660096158	624.618302640814	1
Fech	16.5577432783575	1	1	1	1	516.392113732911	1
Fem1c	1	1	1	1	1	1	284.409556867715
Fert2	1	403.599707784643	1	1	1	1	1
Fetub	2283.41318320486	1	199.191147223461	1	1	1	1
Fgd5	1	829.180281172716	1	1	1	1	1
Fgf21	4369.50682058836	1	1	1	1	1	1
Fgfr1op	1	1	1	1	209.758991337595	1	1
Fgl1	4318.41315080653	1	412.782909833932	1	1	1	1
Fhod1	1	242.730511154309	339.728793735821	1	1	1	1
Filip1	1	431.221914151837	1	1	1	1	1
Fkbp11	1	1	1	1	1	346.427237659959	1
Fkbp1b	1	1	1	1	1	1	273.016131590541
Flad1	30.8942493077958	1	1	1	1	306.219702014528	1
Flrt1	1	1657.2741566975	1	1	1	1	1
Flt3	1	1	1	1	5897.19372301436	1	6908.95049537726
Flt3l	1	1	1	496.813924361121	1	1	1
Flt4	1	13098.5215132401	1	1	1	1	1
Flywch1	1	351.291461699897	1	1	1	1	1
Fmo3	2278.97773611133	1	1	1	1	1	1
Fnta	1	1	1	1	1	201.635242357446	1
Folr2	1	415.260608211878	10598.5214270434	1	1	1	842.596823661217
Folr4	1	1	1	1124.53840871435	1	1	1
Foxa2	665.259749131238	1	1	1	1	1	1
Foxa3	788.744591610395	1	1	1	1	1	1
Foxk2	1	1	1	1	87.422076313494	1	1
Foxr1	1	1	1	1	10976.6292302494	1	1
Fpr1	1	1	984.845843757284	1	1	1	1
Frmd8	1	1	1	256.000226988082	1	1	104.497701464011
Frrs1	1	1	1	1	1	1	139.0239883075
Fstl3	1	1	1	1	498.738294881942	1	1
Ftcd	2756.38119487895	1	1	1	1	1	1
Ftsjd2	1	1	1	1	1	311.133880932084	80.0982418341629
Fut11	1	362.47912860813	1	1	1	1	1
Fut8	1	1	1	1	1	415.581543711124	1
Fxr2	1	1	1	1	1	1	105.875397374742
Fzd4	1	472.274851543536	1	1	1	1	1
G6pc	601.233923075933	1	1	1	1	1	1
Gab2	1	1	221.111612970114	1	1	1	1
Gab3	1	1	1	623.004276109874	81.6899234886908	1	1
Gale	1	1	1	1	196.953838979906	1	1
Galnt10	1	1	1	507.551955430203	1	1	1
Galnt12	1	1	1	491.098312722034	170.749473672462	1	1
Galnt6	1	1	135.0833338627	359.847461886392	1	1	1
Galnt9	1	1	1	1	1	1	1416.37751550926
Gapt	1	1	1	1	2970.99919739737	1	1
Gata3	1	1	1	168.869595265374	1	1	1
Gata4	1	12535.168521161	1	1	1	1	1
Gbp1	1	1	11987.9739899234	1	1	1	1
Gbp4	1	129.722327115595	1	454.975044573886	1	1	1
Gbp6	1	1	1	370.114846881868	1	1	1
Gbp8	1	1	1391.59035105618	1227.32594901837	1	1	1
Gcet2	1	1	1	1	1	1	10478.2682883301
Gcgr	2430.00043720449	1	1	1	1	1	1
Gck	1460.21333440297	1	1	1	1	1	1
Gckr	3914.89986306587	1	1	1	1	1	1
Gdap10	1	1	189.47942571214	1	1	1	353.125750417931
Gdf2	1	2995.47801321487	1	1	1	1	1
Gdf3	1	1	2640.50583464804	1	1	1	1
Gdpd1	1	1	244.082541168502	1	1	1	1
Gdpd3	1	1	1	1	1	1	254.555931930382
Gfi1	1	1	1	1685.93293502359	1	1	1
Gfpt1	1	1	1	1	1	1	142.33121090542
Gfra2	1	1	1331.02813999114	1	1	1	1
Gga2	1	1	1	1	1	266.185328345642	1
Gimap3	1	1	1	1017.51953034612	1	240.855287056483	1
Gimap4	1	114.258024088684	1	665.746259294589	1	221.862947383646	1
Gimap7	1	1	1	1514.93328181817	1	280.085317485579	1
Gimap9	1	1	1	512.682815845978	1	136.456529647496	1
Gja4	1	4718.56221731321	1	1	1	1	1
Gjb1	2138.1249031306	1	1	1	1	1	1
Glb1	1	1	87.4621095293002	1	1	1	1
Glcci1	1	1	1	1	132.388744946678	283.645178660456	1
Gldc	613.630512882886	1	1	1	1	1	1
Gls2	2161.40442560634	1	1	1	1	1	1
Gltpd2	2251.02307040591	1	1	1	1	1	1
Gm10336	1	1	978.059215775691	1	1	1	1
Gm10345	1	1	1	4051.92126610886	1	1	1
Gm10768	2115.27631910603	1	1	1	1	1	1
Gm12070	1	1	1	1	1	1	617.571687422201
Gm12191	1	1	1	846.459868444388	1	2014.77759909556	1
Gm12253	1	1	1	1	6464.1722837587	1	1
Gm12504	1	1	1	1	153.02515867809	627.272456945795	349.57004104992
Gm12657	1	1	1	1	110.076423180777	779.526306860535	276.692952136728
Gm12942	1	1	235.487715713643	1	1	1	1
Gm13139	1	1	1660.10490237064	1	3768.08262069442	1	2711.85673977163
Gm14207	1	1932.65957623252	1	1	6425.97778594172	1	1
Gm14446	1	1	1	3877.61570711854	1	1	1
Gm15987	1	1	1	1	1	418.604550847786	215.820936697568
Gm16157	1479.49827452066	1	1	1	1	1	1
Gm1673	1	605.997033668429	1	1	1	1	1
Gm16973	1	1	1	1	1847.5251968019	1	1
Gm19705	1	1	1	1	214.18441974117	1	1
Gm20257	1	1	1	1	429.983844655734	1	1
Gm4013	55.8421940070658	1	1	1	601.122140978562	1	1
Gm4759	1	1	1	2129.11158334391	1	5683.18564856515	1
Gm4788	2110.59175792635	1	1	1	1	1	1
Gm4952	2552.6246296031	1	1	1	1	1	1
Gm4956	1	1	1	6333.50060112041	1	1	1
Gm4980	1	15260.9132195454	1	1	1	1	1
Gm5069	1	1	1	1	1	1	429.095166136891
Gm5086	1	1	1	1	12070.0060713869	1	1
Gm5150	1	1	1030.77653342007	1	1	1	521.55934293518
Gm5431	1	1	3374.12225314685	1	1	1	1
Gm5506	1	1	1	1	55.4638486638626	1	428.468053393187
Gm5547	1	1	1	248.71220436885	3052.6138817661	578.62564719042	180.790685597241
Gm608	1	1	1	1	1	1	196.436946632594
Gm6377	1	1	401.302382622739	1	1	1	1276.61801052393
Gm6484	2576.22837957369	1	1	1	1	1	1
Gm6548	1	1	1	1	1	362.011219707198	338.853814114371
Gm6907	1	1	1	2074.37368277527	1	1	1
Gm7609	1	1476.88761717475	1	1	123.192351809036	2612.81600200876	1
Gm829	1	1	1	1	3721.983490214	1	1
Gm8369	1	1	1	1	1	544.155046205837	1
Gm8883	1763.2380282196	1	1	1	1	1	1
Gm8979	1	1	1	1	1	6132.22352030368	1
Gm9733	1	1	1	1	1	1	1114.22121555569
Gmppb	1	1	1	1	1	170.834316101666	1
Gmpr	1	709.716018068574	1	1	1	1	1
Gng11	1	276.692707116904	1	1	1	1	1
Gng13	1	1	1	1	1	6063.43380632633	1
Gnmt	2966.52436421353	1	160.51631977647	1	1	1261.42246302541	1
Gnpnat1	49.9106090605571	1	1	1	1	292.903649223179	1
Gnptab	1	1	1	1	277.950725559513	1	1
Golga5	1	1	1	1	1	1	103.499166057032
Golgb1	1	1	1	1	1	144.457612765849	1
Gpc1	1	1	1	320.653588800982	1	1	1
Gpd1	571.849980206003	1	1	1	1	1	1
Gpd1l	1	1	1	1	1	288.583434756242	1
Gpd2	1	1	1	1	1	100.471853284042	1
Gpihbp1	1	752.529722734003	1	1	25.0356050793088	1	1
Gpld1	1478.24857206941	1	1	1	1	1	1
Gpr114	1	1	1	7562.64156526853	1	1	1
Gpr116	1	298.595221549897	1	1	1	1	1
Gpr124	1	802.741918256451	1	1	1	1	1
Gpr137b	1	1	1	1	74.0813466641982	1	544.997494497716
Gpr141	1	1	1	1	1	1	1221.47049934919
Gpr155	1	777.398396699409	1	1	234.489982130608	1	1
Gpr162	1	1	1	1	7277.57248516693	1	1
Gpr171	1	1	1	352.007070991486	429.875711110403	1	1
Gpr18	1	1	1	229.345765079903	35.4078044044929	606.065364522791	1
Gpr182	1	18938.8799400964	1	1	1	1	1
Gpr35	1	1	1	1	824.137327404824	1	928.110799635028
Gpr4	1	572.132589526155	1	1	1	1	1
Gpr55	1	1	1	1	1	7182.82217437673	1
Gpr68	1	1	1	5076.65507626622	1	1	1180.06254453609
Gpr77	1	6051.64098376295	1566.10213658775	1	1	1	1
Gpr97	1	2211.89999818052	1	1	1	1	1
Gpt2	602.686018019779	1	1	1	1	1	1
Gramd1a	1	1	1	269.719486453047	1	1	1
Gramd1c	847.928599552996	1	1	1	1	1	1
Gramd3	1	1	1	374.805335135066	1	103.848849413727	1
Grap2	1	1	1	370.974091577092	1	1	1
Grm8	1	1	1	1	6787.76450485941	1	1
Grpel2	1	1	1	1	1	157.469018168059	1
Gstm3	5853.88591493939	1	1	1	1	1	1
Gstm4	516.580658309971	1	1	1	1	1	1
Gstm6	1816.98926168432	1	1	1	1	1	1
Gstp2	65.2052793231187	1	782.434742741047	1	1	1	1
Gtf2e1	1	1	1	1	189.956775828436	1	1
Gtf2h2	1	1	1	1	333.559919450141	1	1
Gtpbp2	1	1	1	1	47.5150121200377	178.682077738301	1
Guca1a	1	1	1191.22052325164	1	1	1	798.539780158904
Gulo	2825.29333919336	1	1	1	1	1	1
Gys2	2636.79710419363	1	1	1	1	1	1
Gzma	1	1	1	5687.90274310351	1	1	1
Gzmb	1	1	1	13591.267607173	1	1	1
Gzmk	1	1	1	4117.12374135202	1	1	1
H2.DMb2	1	1	1	1	1	3540.33665515445	1
H2.Eb2	1	1	1	1	1	512.815977565863	1
H2.K2	1	1	1	1	1	202.379873725519	1
H2.Ob	1	1	1	1	1	525.027303278052	72.368516273697
H2.Q7	1	1	1	2116.39585606311	202.576772844911	4890.47358108255	1
H2.T10	1	1	1	1	1	468.60784456711	1
Hacl1	700.021784855693	1	1	1	1	1	1
Hal	2783.10081414955	1	1	1	1	1	1
Hamp2	1123.56458996874	1	1	1	1	1	1
Hand2	1	1829.25479265892	1	1	1	1	1
Hao1	2569.89289730544	1	1	1	1	1	1
Haus3	1	1	1	1	521.985673371526	1	1
Havcr1	1	1	1	1	8606.85536145024	1	1
Havcr2	1	1	1	1	1	1	745.283697547562
Hba.a1	1	1	1	1	1	27242.9776060022	230.888669430545
Hba.a2	1	1	1	1	1	14144.2704461318	1
Hbb.b1	1	1	1	1	1	12455.3529213755	1
Hbb.b2	1	1	1	1	1	3500.76573012524	1
Hc	2011.77482087852	1	1	1	1	1	1
Hcst	1	1	52.5018230067179	551.547144323545	1	1	64.9444496033848
Hdac9	1	1	1837.3232325791	1	382.648303689338	1	1
Heatr5a	1	248.36115141378	286.886891423327	1	1	1	1
Heatr7a	1	1	1	1	271.461606056122	1	1
Hecw2	1	3128.88381241649	1	1	1	1	1
Hepacam2	1	1	1	1	1	870.73687785884	1
Hfe	1	207.436880432963	573.46376953328	1	1	1	1378.86471199902
Hfe2	1842.55215822047	1	1	1	1	1	1
Hgf	1	2234.56821329914	1	1	1	1	1
Hgfac	1745.49553147786	1	1	1	1	1	1
Hist1h1d	1	1	1	1	1	457.023355312607	1
Hist1h4m	1	1	1	1	1	1895.63613040716	1
Hist2h2be	1	1	1	1	1394.52967068139	1	1
Hist4h4	1	1	1	1	322.616464629704	1	1
Hivep3	1	1	1	1	2623.40236132421	1	1
Hk1	1	1	1	98.5380788312739	1	1	1
Hk3	1	1	413.290936202705	1	1	1	161.309312396625
Hmga2.ps1	1	1	1	1	1	1	1298.59885381111
Hmgcs2	760.962026566079	1	1	1	1	1	1
Hmox1	1	1	339.996489173901	1	1	1	67.9615532715741
Hn1l	1	1	1	1	1	365.674008345109	1
Homer3	1	322.551171113965	1	1	1	1	1
Hopx	1	1	1	476.454696304118	1	1	1
Hoxa2	1	1920.8001179282	1	1	1	1	1
Hoxa5	1	341.598052025861	1	1	1	1	1
Hoxa7	1	1	1	1	172.727361559673	1	1
Hoxb2	1	442.397248188005	1	1	1	1	1
Hoxb5	1	2146.58448963869	1	1	1	1	1
Hpd	2275.23110630565	1	1	1	1	1	1
Hpgds	1	1	282.851292124856	1	1	1	1
Hps1	1	1	1	1	426.495784147729	1	1
Hps6	1	1	1	1	228.08982188016	1	1
Hpse	1	307.931065483271	1	1	1195.12040826007	1	358.007082738274
Hs1bp3	1	804.779481435478	1	1	1	1	1
Hs3st3b1	264.24022551061	4006.04793932486	1	1	1	1	1
Hsd17b13	3807.65451650337	1	1	1	1	1	1
Hsd17b2	507.574038435619	1	1	1	1	1	1
Hsd17b6	2733.1100463965	1	1	1	1	1	1
Hspa12a	1	1335.93141476967	1	1	1	1	1
Hspbap1	1	1	1	1	270.916775817488	1	1
Hspbp1	1	1	1	240.786921260269	1	1	1
Htr7	1	1	1	1	1	1	5851.80865805597
Htra2	1	1	1	1	1	1	233.882679400183
Htt	1	1	1	1	1	1	133.579317793684
Hyal2	1	1030.27925995696	1	1	1	1	1
Hyou1	55.473327471918	1	1	1	80.3208440891654	476.528868476329	1
I830077J02Rik	1	1	1	1	1	1	1605.21954515616
Iars	34.5205876809807	1	1	1	1	450.309229124936	1
Ica1	1	467.679414933408	1	1	1	1	1
Icos	1	1	169.151932671731	1629.38923335354	1	1	1
Icosl	1	1	1	1	1	1	556.540589470398
Id4	1	516.641785054434	1	1	1	1	1
Idi1	65.274526969881	1	1	1	277.774924502619	1	1
Ido2	1716.95320433601	1	1	1	1	1	1
Iffo1	1	1	1	1	139.065378011244	1	1
Ifi205	1	1	1	1	1	1	202.677680977915
Ifit2	1	210.98541056417	201.491682528517	1	1	1	1
Ifit3	1	161.72676493544	134.851924609189	1	1	1	744.850831773409
Ifng	1	1	1	6584.533436949	1	1	1
Ift52	1	1	1	1	1	1	116.949302853081
Ift57	1	1	1	1	140.818921334125	1	1
Igf1	136.670753931773	1	592.70029733436	1	1	1	89.8566726956236
Igfals	870.2999476137	1	1	1	1	1	1
Igfbp1	5977.74658623916	1	1	1	1	1	1
Igj	1	1	1	1	1	17425.9271452486	1
Igsf6	1	1	93.3354287580584	1	1	1	304.58754479886
Igtp	1	1	1	373.909851276729	1	1	126.56195589719
Ikzf3	1	1	1	402.812277067861	1	766.025133058099	1
Il10	1	1	1	1	1	3863.40362170837	1
Il12rb1	1	1	1	7025.82437456406	1	1	1
Il13ra2	1	1926.09869093441	1	1	1	1	1
Il15	1	1	217.301900086431	1	1	1	1
Il18	1	1	425.076974539321	1	1	1	316.817539868027
Il18bp	1	1406.08443420394	20304.4991330052	1	1	1	1044.71140873668
Il18r1	1	1	1	1175.93350698832	1	1	1
Il1a	1	1126.59985731058	279.682581658314	1	1	1	1
Il1b	1	1	137.543136917949	1	1	1	729.826136699336
Il1rn	1	1	1	1	1	1	384.156881591533
Il22ra1	496.00340997919	1	1	1	1	1	1
Il27ra	1	1	1	1269.0850604539	95.6106431452925	1	1
Il2ra	1	1	1	3661.16065173493	1	1	1
Il2rb	1	1	1	4818.67122748804	1	1	1
Il4	1	1	1	8826.48914514992	1	1	1
Il5ra	1	1	1	1	1	3463.62316013564	1
Il6ra	1	1	1	1	1	1	218.22493388631
Il6st	1	602.819193422006	1	1	1	1	1
Il7r	1	1	1	624.01223860144	179.833500585261	1	1
Ilf3	1	1	1	1	1	253.075453129533	1
Immp2l	99.7657084642278	1	1	1	1	396.087491341862	1
Impa2	1	1	1	1	1	1	183.172714794979
Inca1	560.934154109404	1	1	1	1	1	1
Inf2	1	1	1	1	266.573417664909	1	1
Inhbb	1	4039.52145652449	1	1	1	1	1
Inhbc	1806.99016605072	1	1	1	1	1	1
Inhbe	1097.46509833528	1	1	1	1	1	1
Inpp1	1	1	1	320.083898093508	1	1	1
Inpp4a	1	1	1	1	395.849566854868	1	1
Inpp4b	1	1	1	1301.08220385438	1	1	1
Inpp5a	1	494.087888996426	1	1	1	1	1
Inppl1	1	355.618525348937	234.102190367989	1	1	1	1
Ints5	1	1	1	1	207.744179591389	1	1
Ipcef1	1	1	1	1464.30304920255	1	1	1
Ipo11	1	860.348023848226	1	1	1	1	1
Iqsec1	1	109.767771562128	1	1	1	305.199850832925	1
Irf4	1	1	1	1	1	952.40321306363	1
Isca1	1	1	1	1	1	248.776324400864	1
Isg20	1	1	1	1	1	720.00686237904	1
Isoc1	1	1	1	1	1	1	237.647467970859
Isy1	1	1	1	129.650582247529	1	1	1
Itfg3	1	1	211.591580277714	1	1	1	75.0966114150263
Itga1	1	330.50990054052	1	1	1	1	1
Itga8	1	897.656735128232	1	1	1	1	1
Itga9	1	3869.77949715227	3399.72571334303	1	1	1	1
Itgad	1	1	1	1	2319.90607670315	1	1
Itgae	1	1	1	1	1	1	6064.95278469652
Itgam	1	1	1	1	1	1	112.321047425528
Itgav	1	1	134.564016142033	1	1	1	1
Itgax	1	1	1	1	121.795976754791	1	909.467384756235
Itgb5	1	1	235.593224570644	1	1	1	177.336614128554
Itih1	4511.27231609077	1	1	1	1	1	1
Itih2	4377.40862225503	1	1	1	1	1	1
Itih3	4423.56996292135	1	1	1	1	1	1
Itk	1	1	1	1199.69302894382	1	1	1
Itpk1	1	1	1	284.275036196437	1	1	191.590948192885
Itpr2	1	1	1	1	57.9108043589826	195.210521822007	1
Itpripl1	1	1	93.1541615010568	1	1	1	288.376735630125
Itsn1	1	260.780425364549	757.155251586325	1	216.83914738169	1	1
Iws1	1	1	1	1	114.367017555993	1	1
Izumo4	1	1	1	456.682108384654	67.0277893136857	1	1
Jak3	1	1	1	420.99720633495	1	1	1
Jakmip1	1	1	1	364.428482807866	86.1458006847573	1	1
Jam2	1	391.973476028353	1	1	1	1	1
Jdp2	1	1	1233.48193030755	1	1	1	1
Kazn	1	345.405290727509	1	1	1	1	1
Kbtbd11	1	1	1	455.546197389679	1	1	1
Kcna2	1	1	9290.97643982474	1	1	1	1
Kcnb1	1	2118.75598619284	1	1	1	1	1
Kcng2	1	1	7262.27620008031	1	1	1	1
Kcnj10	1	1	1828.71101164188	1	1	1	1
Kcnk13	1	1	3218.99206492997	1	1	1	1
Kcnk6	1	1864.82648181069	1522.32438345482	1	1	1	155.874904587524
Kcnmb4	1	1	1	1	1	6418.29504010051	1
Kcnn2	760.021548959199	1	1	1	1	1	1
Kcnq1	1	2320.81111890194	1	1	1	1	1
Kctd12b	1	895.289439015346	1	1	1	1	1
Kctd14	1	1	1	1	118.038203260275	1	1
Kctd18	1	1	1	1	308.244451545611	1	1
Kctd20	1	1	1	1	98.8077438133806	1	1
Kdm1b	1	1	1	1	298.232815312002	1	1
Kdm2b	1	1	1	1	1	1	206.200576023779
Kdm3b	1	1	1	1	1	1	141.560843190455
Kdr	1	2058.34389002435	1	1	1	1	1
Khdrbs3	1	1263.09602374527	1	1	1	1	1
Kif21b	1	1	1	318.08043032036	1	1	1
Kif3b	1	1	1	1	1	1	197.777640267497
Kit	1	5693.75502329289	1	1	1	1	1
Klb	1377.08817772618	1	1	1	1	1	1
Klf10	1	1	1	1	1	1	131.413854875009
Klhl18	1	1	1	1	203.576979078442	1	719.633554437398
Klk1	1	1	1	1	3498.4636029722	1	1
Klk1b27	1	1	1	1	13584.3428932374	1	1
Klk8	1	1	1	488.778482384813	1	1	1
Klkb1	3688.27133671212	1	1	1	1	1	1
Klra17	1	1	1	1	10047.6221596513	1	1
Klra2	1	1	469.412929436181	1	1	1	957.457178137595
Klra3	1	1	1	3918.94235332376	1	1	1
Klra7	1	1	1	2542.30592741056	1	1	1
Klra9	1	1	1	4296.83247850733	1	1	1
Klraq1	1	1	1	1	1	1	143.787900624889
Klrb1a	1	1	1	3580.55640688911	1	1	1
Klrb1b	1	1	1	5679.19836924434	1	1	1
Klrb1c	1	1	1	9530.05167718115	1	1	1
Klrb1f	1	1	1	3417.75074767009	1	1	1
Klrd1	1	1	1	2583.56202495583	320.682590839047	1	500.266848853068
Klre1	1	1	1	7233.93751957191	1	1	1
Klrk1	1	1	89.3126582540342	4183.95464929336	1	1	318.320983957964
Kmo	99.5149598618255	1	1	1	2824.68880929964	1	320.718028619889
Kynu	283.153401750083	1	1	1	1183.89866083855	1	1
L3mbtl3	1	1	1	1	731.292203552753	1	1
LOC100038947	1	1	1	1	1	1	760.716902831819
Lag3	1	1	1	303.021588083833	3163.63144385051	499.363623047494	1
Lair1	1	1	563.369101514182	1	2742.00422705343	1	276.40891494408
Lat	1	1	1	522.467495394263	1	1	1
Lax1	1	1	1	640.102555428888	1	1135.10186950963	1
Lbx2	1	2593.42472346659	1	1	1	1	1
Lcat	3726.50716664189	1	1	1	1	1	1
Lck	1	1	1	565.142183448366	1	1	1
Ldb2	1	338.786536471907	1	1	1	1	1
Leap2	4643.62566525501	1	1	1	1	1	1
Lect2	1909.66994690779	1	1	1	1	1	1
Lefty1	1	1	1	1	4689.31306412614	1	1
Leng9	1	1	1	1	217.697304617041	1	1
Lhfpl2	1	2466.54179957033	1	1	1	1	1
Lhx6	262.832282620313	2828.19291424341	1	1	1	1	1
Lifr	34.6522987395301	1353.159045779	1	1	253.137790773777	1	1
Lilra5	1	1	6338.17316033867	1	1	1	2109.02429846591
Lilra6	1	1	1	1	1	1	316.535585085729
Lilrb4	1	1	221.157158927347	1	1	1	289.113021654252
Lime1	1	1	1	600.986330566745	1	1	1
Lipc	419.671013453305	1	1	1	1	1165.51009476634	1
Lix1l	1	478.026112789305	1	1	1	1	1
Lnpep	1	1	1	1	1	1	183.923913357695
Lnx2	1	469.8808405772	1	1	1	1	1
Lonrf1	1	517.109538585394	1	1	1	1	1
Lpcat2	1	1	259.621089206576	1	1	1	238.907558845169
Lpcat4	1	1	1	558.715039666975	1	1	392.767850607287
Lphn1	1	239.193222323849	1	437.807510858829	1	1	1
Lphn2	1	732.931167499788	1	1	1	1	1
Lpl	1	1	226.795928012048	1	1	1	64.1875892791525
Lrat	1	2792.49561954252	1	1	1	1	1
Lrit1	909.070440885077	1	1	1	1	1	1
Lrp8	1	1	1	1	3852.06874561727	1	1
Lrrc16a	1	1	1	1	867.106512676344	1	1
Lrrc25	1	1	530.252036180964	1	1	1	404.630795466433
Lrrc3	703.04326331407	1	1	1	1	1	1
Lrrc41	1	1	1	1	154.697443353872	1	1
Lrrk1	1	1	1	998.173353183592	171.354462528375	1	226.386899699032
Lrrk2	1	1	1	1	1	1	157.606182492986
Lst1	1	1	295.811726993815	1	1	1	384.07576035134
Lta	1	1	1	1	2173.99292882937	1	1
Ltb	1	1	1	304.073043097696	1	230.932299781129	1
Ly6i	1	1	1	1	446.244516100189	1	7505.1078852431
Lynx1	1	1	1	1	381.70396859064	1	1
Lyst	1	1	1	556.727316638218	153.317570043537	1	133.438357743687
Lyve1	1	1135.6500776726	1	1	1	1	1
Lyz1	1	1	118.709019495369	1	1	1	345.947759415384
Lyz2	1	1	117.380830906652	1	1	1	276.101943152659
Maf	1	872.055234705023	385.603970965192	1	1	1	1
Mafb	1	1	274.425910669475	1	1	1	159.784169103584
Magohb	1	1	1	1	1	1	212.695974080743
Malt1	1	1	1	1	1	586.408397218275	1
Man1a	20.5024760597956	1	1	1	1	442.274231188078	1
Man2a2	1	1	1	1	169.594423224771	1	1
Manea	1	1	1	1	1	781.698628659669	1
Mansc1	1	1277.52552129822	1	1	1	1	1
Maob	674.814530476684	1	1	1	1	1	1
Map3k14	1	1	1	1	1	1	243.215256801738
Mapk11	1	354.860797062211	1	1	1	1	1
Mapk12	1	525.936580474984	1	1	1	1	1
Mapk7	1	1	1	1	241.75658284941	1	1
Mapk8	1	1	1	1	135.00124431186	1	1
Marcksl1.ps4	876.393681885831	1	1	1	1	1	1
Marco	1	1357.24512558998	15210.0847478986	1	1	1	3799.02297754582
Mars	1	1	1	1	1	259.346133294369	1
Masp2	3411.10413631988	1	1	1	1	1	1
Mat1a	6061.74543180716	1	1	1	1	1	1
Mavs	31.492046923237	1	321.703325477499	1	1	1	1
Mbl1	3455.25911221855	1	1	1	1	1	1
Mbl2	4982.82163844218	1	222.499440964817	1	1	1	1
Mcam	1	328.697763541463	1	1	1	1	1
Mcm6	1	1	1	99.7145758589966	1	1	1
Mcoln1	1	1	1	1	133.226704601284	1	1
Mcoln2	1	1	1	1	1	1416.39539939523	1
Mctp1	1	1	1	1	1	1	337.400275726333
Mctp2	1	1	1	1	4830.11636812155	1	1
Mcts2	1	614.733588758122	1	1	1	1	1
Med13	1	1	1	1	1	196.677292254887	1
Med15	1	1	1	1	1	1	154.417677248189
Med16	1	1	1	1	346.03950787177	1	1
Med17	1	1	1	1	1	1	216.877370976094
Med25	1	1	1	1	1	122.859642750819	1
Meis1	1	307.030007526758	1	1	1	1	1
Meis2	1	1241.79766758358	1	1	1	1	1
Meis3	1	1	215.785166710525	1	1	1	1
Mertk	1	2644.05610552005	2034.12642896642	1	1	1	1
Mest	1	2178.8705390786	1	1	1	1	1
Metrn	1	1	1	225.092250510043	1	1	1
Mettl21d	1	1	1	243.045801359684	115.743781754723	1	1
Mfng	1	1	1	244.948748188601	54.1276589892438	1	1
Mfsd10	1	1	1	217.554538091743	1	1	60.1924153407479
Mfsd11	1	1	129.70071492723	1	1	1	1
Mgat4b	1	316.292030384967	1	1	1	1	1
Micall2	1	2257.27582182963	1247.02724670088	1	1	1	1
Mid1	1	1517.39168126137	651.346822797118	1	1	1	1
Mid2	1	892.282408303578	1	1	1	1	1
Mitf	1	1	251.66035826238	1	1	1	1
Mlkl	1	795.297116359928	717.744758780601	1	1	1	1
Mllt3	1	1	1	142.130511127528	1	1	1
Mlxipl	602.4378333416	1	1	1	1	1	1
Mmgt2	1	1	1	1	165.3475107754	1	1
Mmp11	1	1	1	1	1315.98173413649	1	1
Mmp27	1	1	2711.29142743986	1	1	1	1
Mmrn2	1	412.816359638968	1	1	1	1	1
Mnda	1	1	90.9129318594911	1	1	1	348.217151888443
Mob3c	1	1	1	1	132.933817108536	1	1
Mosc1	3857.38961030466	1	1	1	1	1	1
Mphosph6	1	1	1	1	1	214.34346125343	1
Mrap	1108.22492021598	1	1	1	1	1	1
Mrc1	1	2803.2762000884	1112.71717167889	1	1	1	117.377791882402
Mrpl16	1	1	1	1	1	177.66052138487	1
Mrpl44	1	1	1	137.946904289618	1	1	1
Mrpl49	1	1	1	1	1	130.00682217818	1
Mrps35	1	1	1	112.180764388265	1	1	1
Ms4a1	1	1	1	1	1	374.61035757398	1
Ms4a4b	1	1	1	874.8345486858	1	1	1
Ms4a4c	1	1	1	1	1	1	388.558436648402
Ms4a6c	1	1	116.298379079995	1	1	1	387.625829970504
Ms4a6d	1	1	251.96404891606	1	1	1	548.17324534423
Ms4a7	1	1	325.052849544045	1	1	1	439.974637625229
Ms4a8a	1	1	313.616439620364	1	1	1	1
Msh5	1	1	1	1	6518.71952219174	1	1
Msr1	1	2507.11825185782	6649.09776011171	1	1	1	963.958973501728
Msrb3	1	2043.29201633656	1	1	1	1	1
Mst1	1977.24111616805	1	1	1	1	1	1
Mthfd2	1	1	1	1	1	1	176.307823238198
Mthfsd	1	1	1	1	163.878520071079	1	1
Mtif3	1	1	1	1	1	725.963617993576	1
Mtm1	1	1	433.939320059442	1	1	1	1
Mtmr14	1	1	1	1	260.194336206138	1	135.597924400972
Mtmr4	1	1	1	1	1	1	167.646497465116
Mtss1l	1	656.940689330196	1	1	1	1	1
Mttp	2865.18237754555	1	1	1	1	1	1
Mug.ps1	1926.52521123806	1	1	1	1	1	1
Mug1	4040.75702969869	1	606.056395951549	1	1	1	425.003133791285
Mug2	2491.99663442181	1	1	1	1	1	1
Mup2	1104.48410316931	1	1	1	1	1	1
Muted	1	1	1	1	115.084412538819	1	1
Mx1	1	1	1	1	2009.0621351974	1	3362.93370755988
Mybphl	1	1	1	1	1898.20785644026	1	1
Mycl1	1	1	1	1	2169.6423403357	1	2982.58381177063
Myct1	1	465.349743802989	1	1	1	1	1
Myh13	1	1	1	1	3633.65391005999	1	1
Myo10	1	358.934451249185	1	1	1	1	1
Myo5a	1	1	1	1	1215.88433595323	240.357130943935	99.2454621384736
Myo7a	1	3441.35305021012	1084.41254665329	1	1	1	1
Myo9a	1	1	976.758976591244	1	115.489433460154	1	146.33094615954
Myst1	1	1	1	1	1	280.275916552103	1
N4bp2	1	1	1	1	1	892.779330040425	1
N4bp3	1	1	1	1	107.243995811923	1	1
Naa16	1	1	1	1	1	1	128.796093279309
Naa35	1	1	1	1	1	373.904924811079	1
Naaa	1	1	1	1	1	1	1135.52542627944
Nacc2	1	1	1	1	1	266.978075858698	1
Nags	1711.09200016275	1	1	1	1	1	1
Naip2	1	1	278.828791547089	1	1	1	756.3798414738
Naip5	1	1	997.095591156936	1	1	1	656.420036512343
Narfl	1	1	1	1	1	1	276.726987631901
Nbeal2	1	1	1	633.212316736528	1	1	93.5532896624694
Ncdn	1	1	1	1	172.45053680645	1	1
Nceh1	1	1	110.421368189353	1	1	1	1
Nckipsd	1	1201.22153817132	1	1	419.888587549665	1	1
Ncoa1	1	1	1	1	1	1	115.817025158108
Ncoa7	1	1	60.4500162268863	1	1	1	272.376311045565
Ncr1	1	1	1	4805.89785673908	1	1	1
Ndst2	1	1	203.163724317085	1	1	1	176.859822343011
Ndufs5	1	1	1	1	1	287.986978363798	199.697593341741
Necab1	1390.43001282855	1	1	1	1	1	1
Nek6	35.6899521258185	1	1	1	1548.48978095527	1	609.11226304246
Nek7	1	1	1	1	52.7143407089139	316.082352680765	1
Nek9	1	1	129.842464921494	1	1	1	1
Net1	1	1	1	1	125.641733239778	1	1
Nexn	1	486.923958113471	1	1	1	1	1
Nfam1	1	1	238.066015770942	1	1	1	512.239153389424
Nfil3	1	1	1	1	1	1	180.136207012563
Nfrkb	1	1	1	1	252.28574316232	1	1
Nfxl1	1	1	901.172656145222	1	1	1	1
Nfyc	1	1	1	1	1	186.334364578978	1
Ngfr	1	1719.31292529259	1	1	1	1	1
Ngly1	1	1	1	143.351760504014	1	1	1
Nkg7	1	1	1	1117.61371919033	1	1	1
Nlrc5	1	1	1	1197.41731850067	390.384520164223	1	343.864241631297
Nlrp12	523.065002216207	1	1	1	1	1	1
Nlrp3	1	1	402.720635393353	1	1	1	649.421465360602
Nlrp6	604.292004820808	1	1	1	1	1	1
Nme4	1	1	574.574188627501	1	1	1	1
Nostrin	1	613.066002970444	1	1	1	1	1
Notch2	1	1	1	1	1	1	179.043006974637
Notch4	1	644.838607635879	1	1	1	1	1
Nova2	1	1822.84081391062	1	1	1	1	1
Npl	1	1394.17150732391	1	1	1	1	1
Npr1	1	1173.22396556553	1	1	1	1	1
Nr0b2	2716.46635444667	1	1	1	1	1	1
Nr1h3	55.8995048360392	301.094638444904	4712.19974924462	1	1	1	446.050541168366
Nr1i2	2360.13923884478	1	1	1	1	1	1
Nr1i3	3439.73049350563	1	1	1	1	1	1
Nr2f1	1	1938.04763453416	1	1	1	1	1
Nr2f2	1	1005.77237913793	1	1	1	1	1
Nr5a2	699.518552191143	1	1	1	1	1	1
Nrn1	625.042558790604	1	1	1	1	1	1
Nrp2	1	359.487666648893	1	1	1	1	1
Nt5c3l	1	1	1	293.704633050096	1	1	1
Nt5dc1	1	1	1	218.659459434404	1	1	1
Nt5m	1	1	1	1	173.240310407956	1	1
Ntf3	1	769.89024480015	1	1	1	1	1
Ntpcr	1	1	323.784242475767	1	1	1	275.732638075422
Nucb2	1	1	59.2277874404871	1	395.438548589729	1	1
Nudt7	608.902988446753	1	1	1	1	1	1
Nup205	1	1	1	1	1	1	328.069196155301
Nup54	1	1	1	1	108.326342057825	1	1
Nxf1	1	1	1	1	248.940803169079	1	1
Nynrin	1	2940.32572646067	1	1	1	1	1
O3far1	1	1	1	1	1	1	3120.49485301752
Oas1a	1	1	465.216560500165	1	1	1	350.884486421121
Oas1g	1	1	5280.05078997321	1	1	1	1
Oas2	1	1	1339.99731654326	1	1	1	1
Oas3	1	1	710.579602867234	1	1	1	1482.38098319841
Oasl1	1	1	599.85987431127	1	1	1	1
Odf2	1	1	1	1	174.389294178525	1	1
Oit3	1	22502.4934828895	1	1	1885.06586808002	1	1
Olfm1	1	139.768973264937	1	1	1	1	390.32048319275
Oma1	1	1	289.378136173579	1	1	1	1
Onecut2	3421.96542202084	1	1	1	1	1	1
Oosp1	1	1	1	1	1	7385.23328055555	1
Orai2	1	1	1	250.954176216146	1	1	275.262920963746
Orm2	958.753139955402	1	1	1	1	1	1
Ormdl3	17.5714973804455	1	1	1	1	204.313897447446	1
Osbpl3	1	1	1	405.587970845637	1	1	1
Osbpl8	1	1	1	1	1	1	118.658219409927
Osgin1	915.568096858052	1	1	1	1	1	1
Otc	2774.58647987697	1	1	1	1	1	1
P2rx7	1	1	343.668284738026	2352.16001406229	1	1	212.29634781156
P2ry1	1	1796.70557391844	1	1	1	1	1
P2ry12	1	1	325.215150825745	1	146.600624040846	1	1
P2ry13	1	1	3367.4746291453	1	703.029185662528	1	1
P2ry14	1	1	1	1	5622.6570882928	1	1
P2ry6	1	1	740.554928400555	1	62.4846968156171	1	1409.80826030438
Pabpc4l	1	3442.14779731069	1	1	1	1	1
Pacsin1	1	1	1	1068.53229539868	8357.15834280321	1	1
Padi2	1	1	1	3632.49161388132	753.964123754216	1	980.873543499253
Pak1	1	1	224.624813680974	1	1	1	692.36810790261
Pan2	1	1	1	1	207.229152161072	1	1
Paox	57.952246927806	1	468.061073512945	1	1	1	1
Paqr4	1	452.422769334326	1	1	1	1	1
Paqr5	1	1	1	1	218.266701814055	1	1
Paqr9	912.069573574567	1	1703.82753530466	1	1	1	1
Pard3b	1	308.5772880925	1	1	1	1	1
Patl1	1	1	1	1	99.0037558572204	1	1
Pbld2	2477.93749750225	1	1	1	1	1	1
Pcdh12	1	9903.87975888155	1	1	1	1	1
Pcdh17	1	507.346374884847	1	1	1	1	1
Pcgf1	1	1	1	1	113.058614012916	1	1
Pcgf5	1	1	1	1	1	1	154.951592228168
Pck2	1	1	1	1	1	660.317562150753	1
Pcolce2	1	1	124.7813445568	1	1	1	1
Pcsk9	1451.95184772441	1	1	1	1	1	1
Pcyox1	28.3254911826575	1	181.454654805947	1	1	1	1
Pdcd1	1	1	1	3102.9690693983	1	1	1
Pdcd1lg2	1	1	1	2418.25678938552	1	1	1
Pdcl	1	1	1	1	53.048620715455	216.496278971437	1
Pde10a	1	2064.53878627555	1	1	1	1	1
Pde2a	1	647.359449843716	1	1	1	1	1
Pde3b	32.2970099393677	1	1	654.651596297815	1	1	1
Pde4a	1	1	1	1	734.826644366983	1	1
Pde7a	1	1	1	807.565631263396	86.9482826953571	1	1
Pdgfc	1	1	890.358304263073	1	1	1	1
Pdilt	634.08323066001	1	1	1	1	1	1
Pdk1	26.8207668974442	1	1	197.914795093501	1	1	1
Pdlim4	1	1	142.151483658755	1	1	1	1
Pdxp	1	1	1	1	1	1867.92378988459	1
Pdzd4	1	1	1	1	15163.2954770807	1	1
Peli2	1	1	1	1	158.568075568787	1	1
Pemt	4486.93646020615	1	1	1	1	1	1
Pf4	1	1	147.008227909122	1	1	1	1
Pfkfb3	1	1	1	1	1	1	193.003276749879
Pfkfb4	1	1	1	1	1	1	181.636280999785
Pfkl	1	1	1	1	1	107.829781923158	1
Pgam2	1	1	1	1	3152.37630603378	1	1
Pgap2	1	1	1	1	250.403063364825	1	1
Pgcp	1	1	132.893581805594	1	1	1	1
Pglyrp2	156.930643660284	1	1	2974.23462107049	1	1	1
Phactr4	1	1	1	1	153.882483270283	1	1
Phf11	1	1	868.37245497446	1	409.017719913144	1	6663.71641462658
Phf15	1	1	178.03798543953	1	1	1	1
Phgdh	1	1	1	122.646285538542	30.8319233734981	420.60687205047	1
Phldb2	1	336.920498633223	1	1	1	1	1
Pid1	40.654747371229	1	1	1	1	1	282.564339340322
Pigv	1	1	1	1	1	1	429.27766086122
Pik3c2b	1	726.492646545966	1	1	1	690.783135440224	1
Pik3c3	1	1	1	1	1	337.490218633145	1
Pik3cb	1	1	1	1	1	1	429.205404520467
Pik3cg	1	1	1	1	1	1	150.353248308678
Pik3r5	1	1	1	1	93.2554308850383	1	289.520548994964
Pikfyve	1	1	222.834235544745	1	1	1	1
Pilra	1	1	527.909392124474	1	1	1	205.100950943478
Pilrb1	1	1	1256.31138649442	1	1	1	717.173341920116
Pilrb2	1	1	829.546691695964	1	1	1	330.119083899961
Pim2	1	1	1	1143.31751179108	1	1319.36023591231	1
Pinx1	1	1	1	1	102.16718092851	1	1
Pion	1	1	206.510224272581	1	1	1	538.037316008447
Pir	17.4390974737844	1	1	1	184.539657088416	1	1
Pisd.ps1	1	1	1	1	398.436994155694	1237.21432513119	1
Pitpnb	1	1	1	1	1	149.921842799759	1
Pitpnm2	1	533.811599370096	1	1	1	1	1
Pklr	3405.17906808276	1	1	1	1	1	1
Pla2g12b	2218.00511694122	1	1	1	1	1	1
Pla2g15	1	1	852.305713934166	1	1	1	350.759292186928
Pla2g4a	1	1	446.460614926647	1	1	1	1
Pla2g7	1	1	273.979741207517	1	1	1	518.610559957429
Pla2r1	1	2332.30938825879	1	1	1	1	1
Plbd1	1	1	144.530998449778	1	1	1	684.689646202629
Plcb2	1	1	1	1	306.372402477717	1	535.244950064615
Plcxd2	1	1	1	1151.49388849671	1	1	1
Pld1	1	1	692.728169714194	1	1	1	1
Pld2	1	1	1	1	1	1	423.123747259908
Plekhg1	1	2544.50467320556	1	1	1	1	1
Plekhm1	1	1	364.882896209294	1	123.044545182788	1	1
Plekhm2	1	1	542.287838477263	1	1	1	1
Plekhm3	1	1	1	1	750.743121591065	1	230.908332507381
Plg	4960.34405896386	1	242.177351373989	1	139.274384154836	1	1
Plin5	1924.76101526443	1	1	1	1	1	1
Plod1	1	323.885466324895	388.535091140385	1	1	1	1
Plscr1	1	1	1	1	1	142.596747052844	1
Plxdc1	1	1	1	1	2028.75166500004	1	1
Plxnc1	1	5021.25374196856	1	1	1	1	351.730392592686
Plxnd1	1	1626.03675268044	1	1	1	1	1
Pm20d1	523.214687537175	1	1	1	1	1	1
Pmaip1	1	1	1	1	1	1	491.641745034875
Pnck	1	1	1	1	6151.73640622466	1	1
Pnp2	1	483.061590339655	1	1	1	1	1
Pnpo	30.5833465928808	1	1	1	1	418.764520623952	1
Podnl1	1	1	1	10069.041847091	1	1	1
Pola2	1	293.222482737117	1	1	1	1	1
Pold1	1	1	1	1	86.7962810884473	462.503450189745	1
Polr1a	1	1	1	1	1	1	255.283786205788
Polr3h	1	1	1	1	85.7391832625789	472.566495805799	1
Pon3	30.9587590321093	1	1	1	1	1603.31400823304	1
Pot1b	1	1	1	1	1	1	1633.95186534976
Pou2af1	1	1	1	1	1	913.086355067462	1
Pou2f1	1	1	1	1	1	221.753127715176	1
Ppap2a	1	1140.11345203561	1	1	1	1	1
Ppap2b	1	281.991695769092	1	1	1	1	1
Ppapdc1b	1	1	1	1	1	340.766394009456	1
Ppcdc	1	1	1	1	1	396.199868912597	1
Ppfia1	1	1	1	1	1	199.149323343247	1
Ppfia4	1	1	147.98861195032	1	1653.19385297069	1	1084.20988173382
Ppfibp2	1	1	1	1	1	1235.56041332337	1
Pphln1	1	1	1	1	1	1	117.314688794917
Ppip5k2	1	1	1	1	175.086639962997	1	1
Ppm1e	1	1	1	1	3160.95009760364	1	1
Ppm1j	1	1	1	4129.00209698409	1	1	1
Ppm1k	75.4900779778548	1	1	1	1	657.814398168562	1
Ppp1r3b	848.10312558134	1	1	1	1	1	1
Ppp1r3g	1873.19687791854	1	1	1	1	1	1
Ppp1r8	1	1	1	156.576473218988	1	1	1
Ppp1r9a	1	1	541.93560096559	1	1	1	1
Ppp3cc	1	1	1	429.620032976421	1	327.471068239061	1
Pqlc2	1	1	1	1	310.133441544161	1	247.247435472038
Pram1	1	1	213.218310299866	1	1	1	1
Prdm1	1	1	1	495.414184215525	1	3483.8170410538	1
Prelid2	1	326.840251731606	1	1	1	1	1
Prep	1	1	1	1	1	1	165.430811015211
Prex2	1	320.649886899833	1	1	1	1	1
Prg2	1	1	1	1	1	12254.7131116922	1
Prickle1	1	1497.98301801409	1	1	1	1	1
Prkca	1	1	1	106.764182473116	400.882693482343	1	1
Prkce	1	500.646504312177	1	1	1	1	1
Prkcq	1	1	1	1124.6089112329	1	1	1
Prkra	1	1	1	1	1	1	142.576959243858
Prkx	1	1	1	1	1	1	165.896167273029
Proc	1432.65500060765	1	260.819295651529	1	1	1	1
Prodh2	1005.93901205949	1	1	1	1	1	1
Proz	2695.70395215549	1	1	1	1	1	1
Prps1l3	1	1	1	142.106953866071	1	1	1
Prpsap2	1	1	178.638509374224	1	84.1909825541132	1	1
Prr14	1	1	1	1	1	198.806195338094	1
Prr5	1	1	1	1	317.117460154592	433.693537257879	1
Prr5l	1	965.558990181009	1	1	1	1	803.591687189403
Prrg1	1	1199.31409911981	1	1	1	1	1
Prss30	1	1	1	1	1175.62850594959	1	1
Prune2	1	1	517.470889879545	1	1	1	1
Psd3	1	658.230567910183	1	1	1	1	1
Psd4	1	1	1	477.746558011014	1	1	125.210620012054
Psmd5	1	1	1	126.125509604866	1	1	1
Ptcd2	1	1	1	1	1	1	153.366729561946
Ptger2	1	1	1228.2978252905	1	1	1	1
Ptger4	1	1	1	378.327863174673	1	1	1
Ptgs1	1	481.356698319479	1080.31816324648	1	1	1	1
Ptk2	1	283.685761596594	1	1	1	1	1
Ptpn2	1	1	1	95.7172773235928	1	1	1
Ptpn4	1	1	1	1	1	4403.77127155389	1
Ptpn7	1	1	1	305.854340903415	1	1	1
Ptprb	1	925.916084499695	1	1	1	1	1
Ptprj	1	1	467.718894191618	1	65.2587694534741	1	156.453783882765
Ptprm	1	209.087207882254	205.375984829289	1	1	1	1
Ptpro	1	1	1	1	1	1	837.672237596749
Ptprs	1	1	1	1	330.182353302771	1	1
Pvrl2	1	277.263050520161	1	1	1	1	1
Pxdn	1	1276.73827685886	1	1	1	1	1
Pxk	1	67.5749639086392	1	1	1	258.081855682442	1
Pydc3	1	1	124.30868451674	592.154120789115	1	1	134.366301606922
Pydc4	1	1	522.570845003894	1215.12168100265	1	1	1
Pygb	1	1	147.632569408446	1	1	1	1
Pygo2	1	1	1	1	1	1	146.232239395099
Qpct	1	1	1	1	1	1	163.291030561315
Qprt	839.322725128461	1	1	1	1	1	1
Rab19	1	1	1	1471.52405689671	1	1	1
Rab21	1	1	1	1	183.038185748344	1	1
Rab22a	1	1	1	1	1	126.799769919835	1
Rab27a	1	1	1	175.417640973079	1	1	1
Rab30	1	1	1	1	1	1666.40051965218	1
Rab32	1	1	658.227870265852	1	1	1	369.913498154673
Rab33b	1	1	1	1	531.964064334639	1	1
Rab37	1	1	1	1249.81632023661	1	1	1
Rab39	1	1	2809.67055366839	1	1	1	732.023564740341
Rab3b	1	5729.18407933068	1	1	1	1	1
Rab43	1	1	127.574916672544	1	1	1	363.709286475622
Rab6b	1	1	1	1	130.802312272512	1	1
Rabep2	1	1	1	1	1	219.988484019557	1
Rabepk	1	1	1	253.438586540869	1	1	1
Rabl2	1	1	1	1	691.780405683095	1	1
Rabl5	1	1	91.9928207432164	1	1	1	1
Rac3	1	1	331.43719557153	1	1	1	1
Rad50	1	1	1	1	1	282.626148844007	1
Rad51l1	290.956122390285	1	1	1	964.901709437543	1	1
Rad52	1	1	1	1	151.220141152604	1	1
Rad54l2	1	1	1	1	227.594230779997	1	1
Rad9	1	1	1	1	1	752.445923244268	1
Ralgapa2	1	1937.07086433961	1	1	1	1	1
Ralgps2	1	1	1	1	1	536.190611417941	1
Rap1gap2	1	1	1	1	1	1	166.256546926186
Rapgef5	1	1133.73278388296	1	1	1	1	1
Raph1	26.6499262760675	574.101788690453	1	1	1	1	1
Rara	1	1	1	1	1	1	148.577385272126
Rarb	1	5345.3534221398	1	1	1	1	1
Rasa4	1	1	300.227136823735	1	1	1	787.395764687902
Rasal2	1	1223.66867662485	1	1	1	1	1
Rasal3	1	1	1	623.636684168314	161.164234366298	159.064411370196	1
Rasgef1b	1	1	727.679538844831	1	1	1	592.03528955121
Rasgrp1	1	1	220.11812260158	731.372223025454	1	1	1
Rasgrp4	1	1	1	1	1	1	314.455676371272
Raver1.fdx1l	1	1	1	1	1	1951.92038188899	1
Rbks	1	1	1	1	1	1	361.443831329891
Rbl2	1	1	1	338.364581710432	56.9205199291518	1	1
Rbm10	1	1	1	117.188885800079	1	1	1
Rbm43	1	1	1	1	1	215.947435113442	1
Rbm6	1	1	1	133.482671041515	1	1	1
Rcn1	1	289.297968957477	1	1	1	1	1
Rdh14	1	1	1	1	1	161.887333820978	1
Rdh7	5281.96570764846	1	191.043348348176	1	124.958575591195	1	1
Rdh9	1866.66217971247	1	1	1	1	1	1
Recql5	1	1	1	1	120.970610549523	1	1
Reep1	1	2284.51921343199	1	1	1	1	1
Reep6	2977.58976082199	1	1	1	1	1	1
Rell1	1	106.643948372045	1	1	352.773543019635	1	1
Rell2	1	1	1	1	4639.40113298565	1	1
Reln	1	2878.54041122672	1	1	1	1	1
Relt	1	1	1	1	1	1	256.583501304306
Rerg	1	1340.00370112963	1	1	1	1	1
Rest	1	1	1	115.964015207175	1	1	1
Rev1	1	1	1	1	140.436687299838	1	1
Rfwd2	1	1	1	1	1	1	153.517791319816
Rfx5	1	1	1	1	1	1	379.657450147229
Rgl1	1	294.355371371358	394.756092133863	1	1	1	1
Rgn	3492.09850188167	1	1	1	1	1	1
Rgp1	1	1	1	1	204.108918247014	1	1
Rgs1	1	1	418.555743500777	858.398039212987	1	1	339.66080166392
Rgs18	1	1	1	1	335.796500538284	1	153.798687554901
Rgs7bp	1	2703.22058223784	1	1	1	1	1
Rhbdf2	1	1	1	1	156.051818635429	1	1
Rhobtb2	1	1	1	1	279.442592822343	1	1
Rhod	66.1485675246481	885.177557136839	1	1	1	1	1
Rhof	1	1	1	303.451914187482	1	220.830892947733	1
Rilpl1	1	371.390145852655	1	1	430.380681048781	1	1
Ripk3	1	1	140.016468021743	1	1	1	1
Ripply3	1	937.017988070421	1	1	1	1	1
Rltpr	1	1	1	1830.07055166757	1	1	1
Rnase6	1	1	1	1	1551.70438409814	363.846889734334	347.946088089232
Rnf113a2	1	1	1	1	153.059941575504	1	1
Rnf122	1	1	1	1	315.60283528045	1	1
Rnf125	1	1	1	240.353262852398	1	1	1
Rnf216	1	1	1	1	1	212.877892015561	1
Rnf31	1	1	603.383231718668	1	107.450178054188	1	1
Rnft1	1	1	1	1	1	111.220729485709	1
Robo3	1	1	1	1	11127.6207707016	1	1
Robo4	1	1498.92857415851	1	1	1	1	1
Rpa2	1	1	1	111.896209206114	1	1	1
Rpap3	1	1	1	1	1	555.880953718338	1
Rpf1	1	1	1	95.0232227728257	1	1	1
Rpp30	1	1	1	1	1	163.999283930288	1
Rpp38	1	1	1	1	128.333625200945	1	1
Rps19.ps3	1	1	1	1	1	1	193.071171055398
Rptor	1	1	1	1	430.520247931877	1	1
Rrp9	1	1	1	171.485915143932	1	1	1
Rspo3	1	4044.80943077314	1	1	1	1	1
Rtcd1	1	1	1	1	1	1	120.731704425587
Rtn1	1	1	1	1	1	1	181.682916761022
Rufy1	1	1	1	1	69.951546194185	272.787685932673	1
Rufy3	1	1	1	1	1	1	174.410222463091
Runx2	1	1	1	1	12280.529155791	1	1
Ruvbl1	1	1	1	1	42.5728820392799	186.666552193084	1
Rxra	103.938385167759	201.730712899396	807.874046601021	1	1	1	1
Saa4	2927.20976056393	1	1	1	1	1	1
Samd1	1	1	541.953611829134	1	1	1	1
Samd3	1	1	1	2886.60205655811	1	1	1
Sap30bp	1	1	1	1	205.981016778507	1	1
Sardh	471.861572183019	1	1	1	1	1	1
Sass6	1	1	1	1	1	1	347.123899905563
Satb1	1	1	1	227.769358677262	23.7108315988238	1	1
Sbk1	1	1	1	1	1	705.441076810647	1
Scaf4	1	1	1	1	117.568991712728	1	1
Scamp5	1	635.429453553152	734.769105773732	1	1	1	1
Scarf1	1	3305.34413831377	351.21019374975	1	1	1	1
Sccpdh	1	509.639905150494	1	1	1	1	1
Scfd1	1	1	1	1	1	127.624922353704	1
Scfd2	1	1	1	1	187.312142506011	1	1
Scml4	1	1	1	1	1	1116.11540727954	1
Scn1b	1	80.1654458481917	208.085250781947	1	1	1	1
Scnm1	1	1	1	1	83.5288585875776	353.414579091401	1
Sdad1	1	1	1	1	1	1	182.266029440721
Sdc1	16.507524765028	1	1	1	1	217.447853528434	1
Sdc3	1	521.693782825676	6179.07593832111	1	57.0729501345424	1	533.2869708784
Sdr42e1	698.747001601847	1	1	1	1	1	1
Sdr9c7	574.258727327896	1	1	1	1	1	1
Sds	1923.87739144843	1	1	1	1	1	1
Sec14l2	2309.7179773852	1	1	1	1	1	1
Sec14l4	1838.08262049812	1	1	1	1	1	1
Sectm1a	1	1	2698.72572308113	1	1	1	1
Sel1l	29.3408844984546	92.4536433154263	1	1	1	450.416444463419	1
Sema3d	1	1336.20278440038	1	1	1	1	1
Sema3f	1	1241.04854145833	1	1	1	1	1
Sema4a	1	1	1	265.964661988358	1	1	227.340356191599
Sema4b	1	1	1	1	766.842656211501	1	1
Sema4g	1148.55375623027	1	1	1	1	1	1
Sema6a	1	1439.5414217241	1	1	1	1	1
Sema6b	1	720.268697008832	1	1	1	1	1
Sema6d	1	1830.31445908973	2527.65309909671	1	1	1	1
Sept10	1	384.214319930459	1	1	1	1	1
Sept3	1	1	1	1	1	1	5918.91464473046
Serf1	1	1	102.409193410784	1	1	1	1
Serpina10	2035.33586213959	1	1	1	1	1	1
Serpina11	3698.15126643967	1	1	1	1	1	1
Serpina12	602.401938223306	1	1	1	1	1	1
Serpina3f	1	4224.91367643741	1	5563.97233803439	1	2581.07011255101	1
Serpina3m	2327.11638706507	1	1	1	1	1	1
Serpina6	4648.59064383515	1	1	1	1	1	1
Serpina7	1716.42134092317	1	1	1	1	1	1
Serpinb10.ps	1	1	1	1	1	1	204.644452492731
Serpinb6b	1	1	1	1067.42273737104	103.915843805077	1	1599.62553537285
Serpinb9	1	1	1	537.565296937817	1	1	1
Serpind1	3613.4408933846	1	1	1	1	1	1
Serpinf2	1662.09334453564	1	1	1	1	1	1
Sesn3	1	1	1	264.597624654954	1	1	1
Sfmbt1	1	1	220.183452361532	1	1	477.357559150034	1
Sgsh	1	1	276.790261704535	1	1	1	1
Sgsm2	1	1	1	1	231.054590822221	1	1
Sh2b2	1	1	1	1	871.867275415786	1	465.209313587634
Sh2b3	1	1	1	1	1	1	133.917545306055
Sh2d1a	1	1	1	531.37953152051	1	1	1
Sh2d1b1	1	1	1	1	1	1	881.798871305709
Sh2d2a	1	1	1	1316.03572958409	1	1	1
Sh3bgr	1	1	1	1	6835.16802372993	1	1
Sh3bgrl2	1	1	539.606741887428	1	1	1	1
Sh3bp1	1	1	1	1	1	1	2818.22614076962
Sh3bp4	1	1	1	1	189.519583239958	1	1
Sh3rf1	1	509.284444678459	1	1	1	1	1
Sh3tc1	1	848.086305351079	1	1	1	1	135.511939931692
Sh3tc2	1	1741.8928537286	1	1	1	1	1
Shank3	1	2191.58827377593	1	1	1	1	1
She	1	596.311523549394	1	1	1	1	1
Shmt2	57.6809800951816	1	1	1	1	444.245365877775	1
Shroom1	598.357104575261	1	1	1	1	1	1
Shroom2	1	3079.88196311175	1	1	1	1	1
Sidt1	1	1	1	2008.62409312484	1	1	1
Sigirr	1	1	1	147.621481100093	1	1	1
Siglec1	1	1	8655.85732037045	1	1	1	1
Siglece	1	1	743.280039897515	1	1	1	197.994286443496
Siglecg	1	1	1	1	79.7821826542738	385.260599977816	1
Siglech	1	1	1	1	27423.7501836251	1	1
Sirpb1a	1	1	1	1	1	1	6267.54534716109
Sirpb1b	1	1	1	1	1	1	761.537779203906
Sirt5	1	1	1	1	732.132273816403	1	1
Sit1	1	1	1	843.921513876247	1	1	1
Skap1	1	1	1	956.646812299815	1	1	1
Skint3	1	1	1	1	1	1	4172.01546075101
Skiv2l2	1	1	1	1	100.656689220749	1	1
Sla2	1	1	1	1048.97543098379	2374.74962082942	1	1
Slain1	1	1	1	706.383418836157	1	1	1
Slamf1	1	1	1	2440.01183749132	1	1	1
Slamf7	1	1	1	589.06383955265	1	1514.10366516445	1139.76068167177
Slamf8	1	1	983.382386484628	1	1	1	6571.49726679219
Slamf9	1	1	274.816789520846	1	1353.38229336091	1	1106.39370689042
Slc10a1	4894.3560035125	1	1	1	1	1	1
Slc11a1	1	1	1244.90094374317	1	1	1	594.286596255103
Slc12a5	1	2288.94629254963	1	1	1	1	1
Slc12a7	1	1	215.59834378811	1	1	1	1
Slc12a8	1	1	2212.04146462082	1	1	1	1
Slc12a9	1	1	1	1	1	1	209.671588174734
Slc16a3	1	1	1	1	1	1	482.892036313494
Slc16a6	1	1	1	309.626954912771	1	1	1
Slc16a9	1	1	878.667195557258	1	1	1	1
Slc17a2	3820.42201818932	1	1	1	1	1	1
Slc17a4	2728.90082321472	1	1	1	1	1	1
Slc17a8	1776.29601613705	1	1	1	1	1	1
Slc19a2	524.445967936428	1	1	1	1	1	1
Slc1a2	603.5568810384	1	2785.43964303277	1	1	1	1
Slc22a26	799.995597905366	1	1	1	1	1	1
Slc22a27	2473.73299163641	1	1	1	1	1	1
Slc24a5	1	319.208143509301	1	1	1	1	1
Slc25a19	1	1	1	1	1	358.437668082194	1
Slc25a22	547.034514385276	1	1	1	1	1	1
Slc25a33	28.7328431153966	1	412.75298502373	1	1	1	1
Slc25a47	6345.53881260304	1	1	1	1	1	1
Slc26a10	1	2158.19581960013	1	1	1	1	1
Slc27a5	4018.17333775068	1	1	1	237.624972456438	1	1
Slc28a2	1	1	1	153.498441068434	1	265.193362817401	1
Slc2a2	478.780713219103	1	1	1	1	1	1
Slc2a6	1	1	1	1	705.562627312292	1	563.2076593636
Slc30a10	1374.12320070366	1	1	1	1	1	1
Slc30a7	1	1	1	1	1	1	106.894536102342
Slc33a1	29.7969616186073	1	1	1	1	235.608962333481	1
Slc35c1	1	1	1	1	1	1	192.771633405042
Slc35d1	605.554241014199	1	1	1	1	1	1
Slc37a2	1	1	1093.8513323641	1	124.384506732766	1	1
Slc38a3	2465.03001681549	1	1	1	1	1	1
Slc38a4	2087.81297017079	1	1	1	1	1	1
Slc38a6	1	1279.12392796139	514.606497773514	1	1	1	1
Slc38a9	1	1	1	1	1	1	153.552921868189
Slc39a4	129.069233546077	1	1	1	1	2050.05368386521	1
Slc39a8	1	4087.83246834523	1	1	1	1	1
Slc40a1	73.2770786440372	865.685299269457	11249.3731908241	1	53.5012246683031	1	441.84898264145
Slc41a2	1	1	1	1	8189.7939000532	1	1
Slc45a3	1	1	2175.38352537089	1	1	1	1
Slc45a4	1	1	722.856460922176	1	1	1	1
Slc46a3	1	1	1	1	107.553671672573	1	557.568078744382
Slc6a12	1503.38466921048	1	1	1	1	1	1
Slc6a13	1161.87794275388	1	1	1	1	1	1
Slc7a8	1	1	966.697750325972	1	1	1	164.753642208882
Slc8a1	1	1	222.361082039511	1	1	1	138.345560949372
Slco1b2	5039.53525257795	1	1	1	1	1	1
Slco2a1	26.4156555947103	1088.5386943708	1	1	1	1	1
Slco4a1	1	1	1	1	6432.45846217263	1	1
Slfn1	1	1	1	235.610436718751	1	1	357.616208861264
Slpi	1	1	1	1	29.8527213629956	238.222215871587	1
Smad6	1	349.344275831391	1	1	1	1	1
Smarcad1	1	1	1	1	112.369355120865	1	1
Smc1b	1	1	6191.37251305497	1	1	1	1
Smc5	1	1	1	179.954053567457	1	1	1
Smoc1	971.010796679463	1	1	1	1	1	1
Smpd4	1	1	1	1	174.912514671696	1	1
Smpdl3b	1	1	1	1	1	1	1236.66996736002
Snai3	1	1	1	5505.28732358372	1	1	1
Snca	1	1	1	1	1	1430.91133722433	1
Snhg12	1	1	1	1	1	128.85799343415	1
Snn	1	1	1	1	91.760803523991	560.912858238595	1
Snrk	1	343.127670021892	1	1	1	1	1
Snta1	1	1	326.886098088582	1	1	1	1
Snx21	1	298.775936822834	1	1	1	1	1
Snx22	1	1	1	1	1	1	4079.64409418228
Snx24	1	768.636172299062	688.504131378889	1	1	1	1
Snx25	1	1	638.583867312511	1	1	1	1
Snx30	1	1	1	1	1	1277.09431535309	1
Snx33	1	928.60984041704	1	1	1	1	1
Snx9	1	1	1	1	78.2346375158468	279.46762141562	1
Soat1	1	1	249.018206823701	1	1	1	198.020756135771
Soat2	865.994651211991	1	1	1	1	1	1
Socs1	1	1	1	340.635983488718	1	1	1
Socs2	1	1	1	169.57301882332	1	1	1
Sorbs3	1	494.509033420786	1	1	1	1	1
Sox18	1	517.061845855137	1	1	1	1	1
Sp4	1	1	1	364.662195036879	1	1	1
Spast	1	1	1	1	1	282.00778044935	1
Spata13	1	1	1	280.053749775604	1	1	1
Spats2l	1	422.32841302516	1	1	1	1	1
Specc1l	1	1	85.7427771904205	1	1	1	1
Spen	1	1	1	1	1	218.329995147754	1
Spg20	1	1	119.758810469062	1	1	1	1
Spib	1	1	1	1	671.143677187081	568.125797616251	1
Spic	1	1	3266.05376152434	1	1	1	1
Spns3	1	1	1	1	537.292421529783	1	1
Spry4	1	1018.13619140352	1	1	1	1	1
Spryd3	1	1	1	149.571896697739	1	1	1
Sqle	1	1	1	1	138.188705440521	1	1
Srgap1	1	1299.55521026403	1	1	1	1	1
Srgap3	1	1	1	1	6728.24843825986	1	1
Srl	1	1	1	1	2199.26898851286	1	1
Srpk3	1	1	1	1	1	617.588113399563	1
Ss18	1	1	1	110.127005012741	1	1	1
St3gal6	1	1	1	122.236093690414	1	1	1
St6gal1	70.7687805299028	1	1	1	1	815.868975755022	1
St6galnac3	1	1281.68015209485	1	1	1	1	1
St8sia4	1	1	1	172.285549588977	955.062505111348	1	164.071457794947
St8sia6	1	1	1	1	1	1000.99118873814	1
Stab1	1	6711.37564692278	224.584094629048	1	1	1	1
Stab2	1	23059.4675143739	7432.7564677661	1	1	1	808.502384065802
Stambpl1	1	1	1	1	153.127464428634	1	1
Stard8	1	871.981044236181	1	1	1	1	1
Stat4	1	1	1	1621.07725629085	1	1	1
Stk30	1	1	1	1	5152.86561644775	1	1
Stk32c	1	1	1	4049.56655402609	1	1	1
Stk39	1	1	1	158.878821715038	1	1	1
Ston2	1	1	359.549558288998	1	1	1	1
Stox2	1	535.767417753414	1	1	1	1	1
Strbp	1	1	1	1	1	363.751970934101	1
Stx2	1	492.95538486088	1	1	1	1	1
Stxbp1	1	402.147973064007	1	1	1	1	1
Sulf2	1	1	1	1	1	1	168.023867991206
Sult2a1	1992.87110984481	1	1	1	1	1	1
Sult2a2	1017.05298458468	1	1	1	1	1	1
Sult2a5	2166.2426268197	1	1	1	1	1	1
Sult2a6	1485.4664864163	1	1	1	1	1	1
Sult2a7	691.230549250192	1	1	1	1	1	1
Sun2	1	1	1	141.424279995514	1	1	1
Suv420h2	1	1	1	1	1	1	121.2414580095
Swap70	1	1	1	1	46.202621574082	405.947023148659	1
Syde1	1	338.732578075895	1	1	1	1	1
Syn1	1	1	3549.37163506361	1	1	1	1
Sytl2	1	1	1	853.5935672771	1	1	1
Sytl3	1	1	1	2415.89431844685	1	1	1
Syvn1	19.1286337875955	1	1	1	1	270.567409038721	1
Tada1	1	1	1	174.554649041563	1	1	1
Taf1	1	1	1	1	290.297812990527	1	1
Taf1a	1	1	1	1	186.302248108992	1	1
Taf5l	1	1	1	1	1	98.2585482723458	1
Tagap1	1	1	1	1	225.080904480267	1	1
Tanc2	1	1	180.708087572024	1	1	1	1
Tasp1	1	1	1	2722.20304374608	1	1	1
Tat	4100.19706232506	1	1	1	1	1	1
Tbc1d13	1	1	389.153777151619	1	1	1	1
Tbc1d22b	1	1	1	665.989889462356	95.1469269559256	1	1
Tbc1d2b	1	205.069774901886	263.456753431545	1	1	1	1
Tbc1d4	1	1	1	1	1	1	793.34520617821
Tbc1d5	1	1	191.393062284716	1	1	1	369.501091285818
Tbc1d8	1	1	1	1	1691.06620605036	1	492.654089543674
Tbc1d9	1	1	426.784527805408	1	1	1	1543.74782177234
Tbcc	1	1	1	1	1	164.943494288589	1
Tbkbp1	1	298.700032146939	1	1	1	1	213.57792335168
Tbrg3	1	1	1	1	112.569977186452	1	1
Tbx2	1	304.340342031548	1	1	1	1	1
Tbx21	1	1	1	5131.42396443048	1	1	1
Tbxa2r	1	1974.51042894212	1	1	137.285368455236	1	1
Tbxas1	1	1	2178.48869374942	1	1	1	325.190400871251
Tcf7l1	1	765.269549402583	1	1	1	1	1
Tcp11l2	1	1	1	1	1	244.922105682786	1
Tctex1d2	1	1	1	1	1	1	204.326975167427
Tdo2	5574.60152293578	1	1	1	1	1	1
Tec	1	1	1	1	1	247.468135533647	1
Tecpr1	1	1	1	295.07115599212	34.4984993634702	1	1
Tek	1	471.941120668869	1	1	1	1	1
Tes	1	1	1	218.606494692198	1	1	1
Tesc	1	1	1	387.062270681516	1	1	1
Tex10	1	1	1	1	123.390781351913	1	1
Tex2	113.623069142098	205.092556199654	1	1	1801.38802824243	1	1
Tfdp2	1	1	1	1	1	354.192139490284	1
Tfec	1	1553.04158270271	1067.00699473666	1	1	1	1
Tfpi	1	2407.40572524952	1	1	1	1	1
Tfr2	2640.92718658466	1	1	1	1	1	1
Tgfbi	1	1	35.3561768683582	1	1	1	192.777978116721
Tgtp2	1	1	1	1554.7344252999	1	1	697.650747085549
Themis	1	1	1	3506.7702847846	1	1	1
Thpo	550.624545795845	1	1	1	1	1	1
Thrsp	1367.85029826185	369.793595158901	1	1	1	1	1
Thsd1	1	1058.71758524553	1	1	1	1	1
Thumpd1	1	1	1	133.748799144107	1	1	1
Thy1	1	1	1	517.158561127226	1	1	1
Ticam1	1	1	1	1	1	1	382.076331110017
Ticam2	1	1	1	1	1	1	1510.73023079002
Tifab	1	1	228.257574135744	1	201.306911626784	1	786.013424336388
Timd2	1008.09682156644	1	1	1	1	1	1
Timd4	1	1272.81509649747	19870.6735342373	1	1	1	1172.50588590337
Tinagl1	1	547.927392963444	1	1	1	1	1
Tk1	1	1	130.087562562734	1	1	1	1
Tlcd2	1	1	1	1	1729.11997171724	1	1
Tle1	1	282.634924023524	1	1	1	1	1
Tlr1	1	1	539.486601422241	1	1	1	278.383303427747
Tlr11	1	1	1	1	1	1	12124.5454856356
Tlr12	1	1	4403.24160467412	1	2495.34108886771	1	1698.12408956612
Tlr13	1	1	293.911790106878	1	1	1	510.791147080036
Tlr3	1	773.256991784496	1	1	1	1	6337.82924976045
Tlr4	1	1	626.109013681133	1	1	1	1
Tlr7	1	1	633.20321388467	1	1432.98696545845	1	1
Tm6sf2	1546.08523234979	1	1	1	1	1	1
Tm7sf2	729.778319028343	1	1	1	482.796786921727	1	1
Tmc8	1	1	265.04257354082	1049.79303827485	87.6939876080923	1	1
Tmcc1	1	1	1	1	1	1	97.1343756279647
Tmem104	1	395.249864727999	753.422121327595	1	1	1	1
Tmem127	1	1	85.3307485899533	1	1	1	1
Tmem132e	1	5813.77286194692	1	1	1	1	1
Tmem141	25.5888220320796	203.739772104311	1052.01334258885	1	1	1	206.310927518964
Tmem149	1	1	1	2424.76631857985	1	1	1
Tmem154	1	1	1	189.857136711974	1	416.559349503554	1
Tmem163	1	1	1	1	2164.00932183418	1	1
Tmem168	1	1	119.027201770048	1	1	1	1
Tmem170b	1	1	318.391685696633	1	1	1	143.1984925818
Tmem2	1	1150.34185263872	1	1	1	1	1
Tmem204	1	581.657083093638	1	1	1	1	1
Tmem221	1	1	1	1	8222.95854338744	1	1
Tmem229b	1	1	153.894632153721	1	1708.11697716705	1	213.133109604963
Tmem26	1	1	5843.80627028057	1	1	1	1
Tmem37	68.5644159169207	97.3332491801233	512.933684029693	1	1	1	1
Tmem44	1	1000.54196732244	1	1	1	1	1
Tmem47	1	685.593789307845	1	1	1	1	1
Tmem56	979.411297703144	2064.72810507104	1	1	1	1	1
Tmem62	1	1	1	1	1	747.420155295938	1
Tmem65	1	1	83.2997253530326	1	1	1	1
Tmem86a	1	131.765909378956	2038.0319518094	1	397.654435380608	1	350.602918521228
Tmem86b	714.307689239812	1	1	1	1	1	1
Tmem88	1	554.579384317106	1	1	1	1	1
Tmem98	1	590.683539200038	1	1	1	1	1
Tmprss6	4032.16471288886	1	1	1	1	1	1
Tmsb15l	1	1	1	1	1	2005.41438029649	1
Tmub1	1	1	1	164.883465436537	1	1	1
Tnfaip1	1	339.460767956798	1	1	1	1	1
Tnfaip3	1	1	1	140.913419662201	1	1	1
Tnfaip8l1	1	899.939233882509	1	1	1	1	1
Tnfrsf11a	1	1	2735.75245812041	1	1	1	1
Tnfrsf13b	1	1	1	1	406.365113464892	530.155561793938	1
Tnfrsf13c	1	1	1	1	1	392.357069537866	1
Tnfrsf17	1	1	1	1	1	11786.4603520362	1
Tnfrsf18	1	1	1	820.20995674267	1	1	1
Tnfrsf25	1	1	1	3391.30023334164	1	1	1
Tnfrsf9	1	1	1	1322.18505062485	1	1	1
Tnfsf10	1	434.678348047389	1	591.995863667772	1	1	1
Tnfsf14	1	1	1	3407.59897860787	1	1	1
Tnik	1	1	1	1715.63461971695	1	1	1
Tnip3	1	1	1	1	1	1	1505.33934694699
Tnk2	1	1	1	324.388289820061	1	1	1
Tnni2	1	1	1	1	592.099603202107	1	2088.40323826005
Tox	1	1	1	871.65017133488	1	1	1
Tpcn2	1	1	840.714605194796	1	1	1	1
Tprn	1	1	1	1	549.983014970212	1	1
Tpst1	1	1	1	1	1	209.011725091567	1
Traf1	1	1	1	570.557342895764	1	1	611.600489538524
Traf2	1	1	1	170.147617305463	1	1	1
Traf4	1	1	1	1	260.176785810365	1	1
Tram2	1	1	1	1	1	4337.00262820566	1
Trappc8	1	1	1	1	1	1	242.601487473825
Treml4	1	1	2268.96770866393	1	1	1	2406.28061021697
Trerf1	1	1	1	1	1	1	940.320881702499
Trim12a	1	1	1	216.472653639084	51.5745021746747	1	1
Trim24	1	1	1	1	126.47446542595	271.476454302278	1
Trim3	1	310.973534314854	1	1	1	1	1
Trim30b	1	1	1	1	96.2387911046568	1	1
Trim34a	1	1	1	1	1	486.698983089407	1
Trip11	1	1	1	1	1	227.038133667657	1
Trip4	27.7104748235552	1	1	473.255233643895	1	1	1
Trmt2a	1	1	1	1	175.412938516591	1	1
Trp53inp1	20.4702331023975	1	1	1	1	1061.11596915784	1
Trpm2	1	1	6596.20445554962	1	1	1	2771.48244462778
Trps1	1	1	1	1	1	1	195.217870997638
Tshz2	1	420.801105679965	1	1	1	1	1
Tshz3	1	993.921232374153	1	1	1	1	1
Tsku	1958.77733677847	1	1	1	1	1	1
Tspan15	1	381.400393191589	839.683456781146	1	1	1	1
Tspan18	1	1052.65509499888	1	1	1	1	1
Tspan7	1	352.653883783264	1	1	1	1	1
Tspyl3	1	1	1	2211.67018645575	666.218601903907	1	1
Ttc32	1	1	93.6950174552908	1	1	1	1
Ttc39a	1	1	1	1	1	1	1306.66578685716
Ttc39b	1	1	1	265.516035181492	1	1	1
Ttc39c	57.5084540326064	1	211.232648360183	1	1	1	1
Ttc7	1	1	1	1	101.789872693993	1	206.995458977475
Ttc7b	1	407.211799010418	1	1	1	1	1
Ttll7	1	324.358920108355	1	1	1	1	1
Ttpa	3730.89425747347	1	1	1	1	1	1
Ttpal	1	1	1	1	1	353.57991113016	1
Ttyh2	54.7430145305466	1	454.814248606321	1	1	1	1
Tubg1	1	1	1	1	1	190.820179542152	1
Tubgcp2	1	1	1	1	1	545.07878929655	1
Tubgcp5	1	1	1	1	890.079885722936	1	1
Twist1	1	707.847614765785	1	1	1	1	1
Txk	1	1	1	1942.64717724323	1	1	1
Txndc11	1	1	1	1	85.8601737474022	1345.45931997082	1
Txndc5	1	1	1	1	124.159287828447	1470.02294549978	57.5698798502217
Ubash3a	1	1	1	4477.41053231943	1	1	1
Ubash3b	1	1	1	1	1	1	133.818820879322
Ube2l6	1	1	42.052626290583	1	79.4461897487521	1066.06316656132	102.13117917774
Ube2o	1	1	1	1	1	588.589109380579	1
Ubtd1	1	1	91.3715050258426	1	1	1	1
Ubxn11	1	1	1	1945.63412906004	1	1	1
Ugcg	1	1	1	168.359467820264	1	1	1
Ugt2a3	2526.93870802249	1	1	1	1	1	1
Ugt2b1	4091.26726987949	1	1	1	1	1	1
Ugt2b34	808.747254630276	1	1	1	1	1	1
Ugt2b35	5345.67698717137	1	1	1	1	1	1
Ugt2b36	4806.53863392856	617.251538628011	739.693413369416	1	1	1	1
Unc13d	1	1	1	361.320442755493	234.925557201354	1	1
Unc5cl	1	1	1	2854.75298633297	1	1	1
Uox	5714.64941499581	227.17641860686	1	1	1	1	1
Upb1	227.402554653957	1	1	1	6093.88342120223	1	1
Uroc1	2577.22554973975	1	1	1	1	1	1
Ushbp1	1	464.760725362207	1	1	1	1	1
Usp12	1	100.3843828199	662.836912189888	1	1	1	296.243118733443
Usp15	1	1	1	1	1	228.337659446382	1
Usp18	1	1	1	1	320.981345667876	1	358.551834359516
Usp21	1	1	306.615943604572	1	1	1	1
Utp23	1	1	1	1	1	255.373123342853	1
Vangl1	1	617.272434562872	1	1	1	1	1
Vash1	1	1520.91268930757	1	1	1	1	1
Vcam1	1	96.7790465320293	582.081724263538	1	1	1	1
Vhl	1	1	1	1	429.419451623962	1	1
Vill	1	1	150.468784675936	1	1	1	285.380922483414
Vipr1	1	4173.14055677588	1	1	1	1	1
Vmac	1	1	1	1	106.893605994167	1	1
Vmo1	1064.76388270944	1	1	1	1	1	1
Vnn3	973.429426707772	1	1	1	1	1	1
Vopp1	1	1	90.8227447021815	1	1	1	1
Vpreb3	1	1	1	1	1	282.152890588224	1
Vps13a	1	1	1	1	64.0151792904109	195.793800053425	1
Vps37b	1	1	1	176.318266422673	1	1	1
Vps53	1	1	1	1	1	246.024348128167	1
Vsig4	1	884.05916202039	16869.8570245522	212.36987920426	76.8615406426506	1	642.802612034527
Vwce	1190.72802372342	1	1	1	1	1	1
Wdfy1	1	1	1	1	183.193646576613	1	1
Wdfy3	1	156.505827689661	394.481592500686	1	1	1	1
Wdfy4	1	1	117.078785790305	1	1	428.399684254643	1228.80125131685
Wdr11	1	1	247.539225661337	1	1	1	1
Wdr3	1	1	1	1	1	340.222084174284	184.517918316173
Wdr41	1	1	410.310003831235	1	1	1	169.219532464386
Wdr55	1	1	1	1	1	426.713876510281	1
Wdr81	1	1	1	1	347.1244218047	1	1
Wdr86	1	1	1	1	1	1	3003.99659551573
Wibg	1	1	1	106.959728921863	1	1	1
Wipi2	1	1	1	1	1	197.461561076546	1
Wisp1	1	1155.37063004977	1	1	1	1	1
Wnt2	1	4258.68708000029	1	1	1	1	1
X0610007P22Rik	1	1	1	152.690678463787	1	1	1
X1110018G07Rik	1	1	1	1	1	1	264.954168641887
X1110031I02Rik	1	1	1	1	1	275.841383844727	1
X1110054O05Rik	1	1	1	1	1	413.804085384562	145.350994269409
X1110059E24Rik	1	1	1	1	1	166.269825358955	1
X1200009I06Rik	1	3659.25181930885	1	1	1	1	1
X1200011I18Rik	1	1	1	1	1	354.237629250536	1
X1200011M11Rik	1	1	1	1	309.704417563219	1	1
X1300002K09Rik	1641.86881230015	1	1	1	1	1	1
X1300017J02Rik	1749.78525570348	1	1	1	1	1	1
X1300018I17Rik	1	1	1	1	1	1	198.527824910672
X1500011B03Rik	1	1	1	1	108.762105204267	1	1
X1500017E21Rik	701.961022895943	1	1	1	1	1	1
X1600021P15Rik	1	4319.95219516137	1	1	1	1	1
X1700001C19Rik	1378.51914420747	1	1	1	1	1	1
X1700003F12Rik	1	1	5222.90439625214	1	1	1	1
X1700017B05Rik	1	1	1	1	1	241.093905370577	1
X1700026L06Rik	1	1	1	1	550.738927837136	1	1
X1700029F09Rik	1	1	1	1	1	260.407472298503	1
X1700047M11Rik	1	508.669137607961	1	1	1	1	1
X1700052K11Rik	1	1	1	1	964.92457481987	1	1
X1700052N19Rik	1	1	1	1	1	329.564968314351	1
X1810008I18Rik	1631.39155199458	1	1	1	1	1	1
X1810011H11Rik	1	1	2482.17298898265	6217.33353705515	1	1	1001.95485168356
X1810012P15Rik	1	1	1	376.721311798301	1	1	1
X1810030O07Rik	1	1	1	1	1	310.92614053555	1
X1810043G02Rik	1	1	1	1	1	1	133.445268487408
X1810074P20Rik	1	1	1	1	1	124.551976897819	1
X2010001M06Rik	1	1	844.777186744769	1	1	1	1
X2010001M09Rik	1	1	1	1	118.37841454012	780.470318623188	1
X2010003K11Rik	1683.39830426872	1	1	1	1	1	1
X2010003K15Rik	854.400497459418	1	1	1	1	1	1
X2010011I20Rik	16.6367920085359	1	1	1	1	363.037592970158	1
X2010016I18Rik	1	1	1	3946.58475443749	1	1	1
X2010110P09Rik	1	1	4689.1536586133	1	1	1	1
X2010300C02Rik	1	1	1	3756.57544685869	1	1	1
X2210010C17Rik	1	2830.94334174299	1	5199.13022478257	1	1	1
X2210012G02Rik	1	1	1	1	1	1	194.961642449036
X2210020M01Rik	1	1	1	1	4079.14498221891	1	1
X2210021J22Rik	1	1	1	1	86.3326977676475	292.702290770005	1
X2210404O07Rik	1	1	1	1	1640.03468716893	1	1
X2310001H17Rik	1	1	1	105.887059399359	1	1	1
X2310010J17Rik	1	1	1	1	82.5854531203277	276.648431071878	1
X2310014F07Rik	1	8464.54674282456	1	1	1	1	1
X2310035K24Rik	1	1	152.794290467923	1	1	1	1
X2310040G24Rik	1	1	1651.896447455	1	1	1	1477.69485036623
X2310061C15Rik	1	1	1	123.967217033167	1	1	1
X2400009B08Rik	1	1	1	1	437.372431276559	1	1
X2410002F23Rik	1	1	1	1	83.0742873266902	1	1
X2410022L05Rik	1	485.57916680936	632.577914481985	1	1	1	1
X2510003E04Rik	1	1	1	1	117.032202796486	1	1
X2510009E07Rik	1	782.081319832917	1496.25704697772	1	1	1	1
X2510049J12Rik	610.782880641882	1	1	1	1	1	1
X2610005L07Rik	1	1	1	1	1	195.958561064048	1
X2610301G19Rik	1	1	1	319.254555582561	469.21256674277	1	1
X2610524H06Rik	1	1	1	1	110.883085167141	1	1
X2700081O15Rik	1	458.891575797289	1	1	1	1	1
X2810001G20Rik	1	106.975654378797	1	410.955740133072	1	1	1
X2810004N23Rik	1	1	1	1	1	216.698380255046	1
X2810007J24Rik	1992.55600995489	1	1	1	1	1	1
X2810008D09Rik	1	1	1	1	1	191.76116948618	1
X2810405K02Rik	1	1	91.054514272939	1	1	1	1
X2810442I21Rik	1	1	1	1	9616.28933785406	1	1
X2810453I06Rik	1	1	1	1	1	875.747504969669	1
X2810459M11Rik	2105.70494516001	1	1	1	1	1	1
X2900005J15Rik	1	1	1	1	959.050761298625	1	1
X2900041M22Rik	1	1	1	1	1220.14222229614	1	1
X3110043O21Rik	1	1	261.726692254788	1	1	1	1
X3110062M04Rik	1	335.986503170673	1	1	1	1	1
X4833420G17Rik	1	1	1	1	1	1	144.58178096851
X4833424O15Rik	1	2159.86968764799	1	1	1	1	1
X4930453N24Rik	1	1	1	254.061370561387	27.8960205715003	1	1
X4930455C21Rik	1	1	1	1	1	272.148086761063	1
X4930486L24Rik	1	1	1	1997.56858473664	1	1	1
X4930503L19Rik	1	1133.52587485956	1	1	1	1	1
X4930506M07Rik	1	1	268.651103243835	1	1	1	601.111219065995
X4930528F23Rik	530.558219422258	1	1	1	1	1	1
X4930534B04Rik	1	1	1	1	1114.27119963898	1	1
X4930572J05Rik	1	1	1	1	378.826072166373	1	1
X4930579G24Rik	1	1	1	1	363.784982145924	1	1
X4931406P16Rik	1	288.981079689317	1	1	1	1	1
X4931408D14Rik	1097.23704184676	1	1	1	1	1	1
X4933407H18Rik	1	1	1	1	70.4665742645505	1	1
X4933421E11Rik	1	1	1	145.404799741769	1	1	1
X4933433P14Rik	1	1	1	1	1	1	127.974292999015
X5031414D18Rik	1	1	1	1	512.807028530369	901.015296927451	1
X5031425F14Rik	1	1	2290.02741118978	1	1	1	1
X5031439G07Rik	1	1	226.272751287294	1	83.3635762417868	1	924.203584393199
X5033403H07Rik	2919.40967106451	1	1	1	1	1	1
X5033406O09Rik	1	1	2030.85464992393	1	1	1	1
X5430405H02Rik	1	1	1	1	1	1	369.86850492991
X5430427O19Rik	1	1	1	1	198.289696123293	494.024201298933	1
X5430435G22Rik	1	1	118.952585107734	1	1	1	1116.98807754024
X5430437J10Rik	1	1	1	1	1	1	1736.76444795592
X5730403B10Rik	1	1	1	1	240.35994911942	1	1
X5730419I09Rik	1	1	1	1	361.460745919931	259.426356653893	1
X5730469M10Rik	1	1	1	1	1	380.713699303212	1
X5730508B09Rik	1	1	1	1	1	1	166.416244919551
X5830416P10Rik	1	1	1	1060.90793209329	1	1862.77901403224	1
X5830428M24Rik	1	1	1	1	283.777068860561	1642.98497581431	1
X5830473C10Rik	2057.41397070411	1	1	1	1	1	1
X5930416I19Rik	1	1	1	1	165.678145318217	1	1
X6030458C11Rik	1	1	1	1	377.544042505108	1	1
X6230427J02Rik	1	318.802230835674	1	1	1	1	1
X6330416G13Rik	1	1	1395.78131896957	1	622.72738261926	1	613.332725058114
X6530401N04Rik	1	1	1	1	1	242.293041537377	1
X8430406I07Rik	1	295.077518224513	1	1	1	1	1
X8430410A17Rik	1	1	1	1	61.8716016211963	267.003161283055	1
X8430410K20Rik	1	403.038216241468	1	1	1	1	1
X9030619P08Rik	509.164535814281	1	1	1	1	1	1
X9030625A04Rik	1	1	701.6355102764	1	1	1	809.17751719233
X9130014G24Rik	1	1	6255.42798692676	1	1	1	1
X9130221H12Rik	1	1	1	1	310.886366693178	1	1
X9130409I23Rik	3539.19333458312	1	1	1	1	1	1
X9330133O14Rik	1	1	1	1	172.43836017782	1	1
X9630033F20Rik	1	1	1	1	1250.82629413598	1	1
X99384	1	364.096229397185	333.950168495362	1	1	1	1
Xcl1	1	1	1	9779.04345025782	1	1	1
Xcr1	1	1	1	1	1	1	18982.3811221713
Xkr9	1531.92459804608	1	1	1	1	1	1
Xkrx	1	1	1	1	2398.73342585526	1	1
Xlr	1	1	1172.80311111046	1	1	1	1
Xlr4a	1	1	1	1925.76925091872	1	1	1
Xlr4b	1	1	1	1179.40193477252	1	1	1
Xrcc1	1	1	1	1	1	164.259013048822	1
Yars	20.2374181944158	1	1	1	1	243.830201558119	1
Yes1	1	508.934934243104	1	1	1	1	1
Ykt6	1	1	84.4988684731264	1	1	1	1
Ythdc2	1	1	1	1	1	1	278.485489233803
Zap70	1	1	1	1924.79105066822	1	1	1
Zbtb20	1	1	1	1	1	151.735964111788	1
Zbtb25	1	1	1	528.662516835311	1	1	1
Zbtb32	1	1	1	1	1	10223.1341218407	1
Zbtb34	1	1	1	1	332.695703829142	1	1
Zbtb39	1	1390.24168677354	1	1	1	1	1
Zbtb46	1	1766.27882484375	1	1	1	1	1040.00740485817
Zc3h12c	1	1	1	1	3137.66518319082	1	1
Zc3h12d	1	1	1	1	1	1403.15580358977	335.209501177919
Zc3h4	1	1	1	310.35275065155	1	1	1
Zcchc18	1	1	1	763.660919056269	1	1	1
Zdhhc14	1	1	934.558426573607	1	1693.20218444179	1	1
Zdhhc17	1	389.808776901479	1	1	1	1	1
Zdhhc18	1	225.264550235564	1	306.829994478112	1	1	1
Zdhhc21	1	1	1	1	1	1	124.360041238781
Zfp161	1	1	1	1	112.464660366864	1	1
Zfp238	39.9179869883462	1	1	1	368.586650864088	1	1
Zfp296	1	1	1	1	1	597.151466512695	1
Zfp317	1	1	1	1	214.095986902154	1	1
Zfp318	1	1	1	1	1	906.439009658711	1
Zfp358	1	1	1	1	162.463430398139	1	1
Zfp422	1	1	1	1	108.918900825511	1	1
Zfp51	1	1	1	1	1	1078.81192043981	1
Zfp511	1	1	1	128.983369684775	1	1	1
Zfp512	1	1	1	676.930161789666	1	1	1
Zfp516	1	1	1	1	1	1	146.819272924844
Zfp532	1	1052.93221688723	995.408624795054	1	1	1	1
Zfp599	1	1	1	1	2049.84797638217	1	1
Zfp62	1	1	1	1	212.742073787364	1	1
Zfp639	1	1	1	1	1	131.140574545296	1
Zfp68	1	1	1	1	1	177.840153694424	1
Zfp691	1	1	1	1	644.622393341537	1	1
Zfp715	1	946.945376322251	1	1	1	1	1
Zfp740	1	1	1	1	1	1	127.611399965223
Zfp775	1	1	1	1	558.410104307827	1	1
Zfp810	1	1	1	1	429.407040927327	1	1
Zfp831	1	1	1	1	1	4762.78120117583	1
Zfp90	1	1	1182.15177867542	1	1	1	1
Zfpl1	1	1	1	1	1	154.314070935277	1
Zfyve16	1	1	1	1	200.358346498103	1	1
Zfyve19	1	1	1	1	1	1	143.192683145414
Zgpat	1	1	1	270.622895890404	1	233.742119811165	1
Zhx1	1	1	1	1	1	1	140.651054965852
Zmym3	1	1	1	1	258.668219946297	1	1
Zmynd15	1	1680.99199440876	1	1	1	1	2411.68089781718
Zscan22	1	1	1	1	3822.30719556142	1	1
Zscan29	1	1	1	1	191.882277932308	1	1
Zufsp	1	1	1	1	104.201704576958	1	1
